2,2,89.8007320717815,145.2059814453125,56.720232328604965,56.786590576171875,1,-1,-1,-1
2,5,-0.5795147561482779,121.12738647460937,78.2376290606364,99.87447509765624,1,-1,-1,-1
3,5,-0.10625182382990772,131.1651913897798,77.17304171289898,98.51343862909495,1,-1,-1,-1
4,5,-0.24518745508964201,141.00308719666117,76.8256756649728,98.09622883495356,1,-1,-1,-1
4,6,67.02707395314472,144.60824890136718,68.21575260640586,71.40271606445313,1,-1,-1,-1
5,5,2.5504118646191927,155.74871340381063,72.47110582252436,92.18395116458989,1,-1,-1,-1
5,6,62.43673112791267,159.71637236502815,67.92257362707265,71.14778606056234,1,-1,-1,-1
5,7,112.68476085890649,31.1887451171875,65.39865455171827,66.91337280273437,1,-1,-1,-1
5,8,191.2965359785731,170.2531982421875,55.1388494295725,54.65278930664063,1,-1,-1,-1
5,9,29.76054719634544,107.0899703979492,56.32819225892046,55.743778991699216,1,-1,-1,-1
6,5,3.7592039873884886,165.98966063614608,68.71276467944332,86.92775615363946,1,-1,-1,-1
6,6,55.89145196016615,175.87362065503072,68.54591904750257,71.87456771004793,1,-1,-1,-1
6,7,113.60230718163848,45.042436174860484,65.94423572344586,67.4726836568567,1,-1,-1,-1
7,5,4.94628143677587,161.37314359734714,72.40789078626152,90.91351040443153,1,-1,-1,-1
7,6,54.557435364203904,191.81807161779147,63.18005400377923,66.20892501639085,1,-1,-1,-1
7,7,114.52017266470389,61.81515243753061,66.11003808932492,67.6482981948025,1,-1,-1,-1
7,10,-4.617595317609606,81.09066467285156,56.25705037643014,56.29386901855469,1,-1,-1,-1
7,11,197.4778847822761,141.24266662597657,50.66951730068218,53.27801513671875,1,-1,-1,-1
8,5,2.8166020322430256,152.99769058168093,74.95179580480871,93.89366709229405,1,-1,-1,-1
8,7,115.59910257885556,78.54502934142684,66.1506160483965,67.6997372133932,1,-1,-1,-1
8,12,160.1191185391929,171.26199951171876,61.75767356614546,61.542205810546875,1,-1,-1,-1
9,5,1.2442192999905473,139.9776569987691,79.66572866864679,99.75669381379946,1,-1,-1,-1
9,7,116.95928702034493,95.56047749413983,66.29900187106902,67.82165979688936,1,-1,-1,-1
9,12,160.7969081094368,162.2277209610336,61.87809988499054,61.67232063483444,1,-1,-1,-1
9,13,22.185093391918805,54.646235656738284,55.90762998862333,56.020440673828126,1,-1,-1,-1
9,14,173.965077849172,111.43249511718749,53.88000665517165,54.08505859375,1,-1,-1,-1
9,15,40.14378982248481,165.42385559082032,65.55962341899523,71.40692138671875,1,-1,-1,-1
10,5,0.8103564001856611,131.59249382799166,78.53168005933234,98.24188597335869,1,-1,-1,-1
10,7,118.43846983723617,111.45064835699219,67.41347268052574,68.92468651442243,1,-1,-1,-1
10,12,162.00934894854305,151.17666221575917,61.68424829357587,61.48884004294427,1,-1,-1,-1
10,15,34.574618983219025,152.9834591585664,64.7187560537125,70.46592512387222,1,-1,-1,-1
11,5,0.8526974101063871,116.76728748479495,80.21242815621252,100.17807981873378,1,-1,-1,-1
11,7,119.2734331835047,127.32113139338598,67.59270573483711,69.06757733664196,1,-1,-1,-1
11,12,162.89228036847064,140.55307429848057,61.58313685203891,61.38987696736984,1,-1,-1,-1
11,15,30.38475041722932,136.8925412797248,62.92246368388322,68.46892193855251,1,-1,-1,-1
11,16,61.55000370194667,28.24476013183594,56.707612835364486,56.64193420410156,1,-1,-1,-1
11,17,152.11814052345503,81.1476547241211,53.72709175582437,53.915443420410156,1,-1,-1,-1
12,5,-0.931863244895311,94.49064634944652,92.35833081609718,115.73126469650029,1,-1,-1,-1
12,7,120.66738148022193,144.74170386880883,66.07375374915124,67.44800449594825,1,-1,-1,-1
12,12,163.7973518949897,130.74002576486237,61.334668803885386,61.14212497925118,1,-1,-1,-1
12,15,23.365071181775047,122.5726041439328,62.85780112515828,68.35001288141817,1,-1,-1,-1
13,5,0.014545209218226773,88.71632387083056,93.13213268469457,116.54775366754701,1,-1,-1,-1
13,7,121.29191191158381,161.41517352950032,65.77838116035777,67.08039070344932,1,-1,-1,-1
13,12,164.69273935761447,120.43411131740443,61.397491371780276,61.2055995552013,1,-1,-1,-1
13,15,17.315879490926278,105.83324076781167,62.99175328740323,68.51852027265052,1,-1,-1,-1
13,18,101.82882903675454,3.3737270355224602,56.1168277052995,55.565939331054686,1,-1,-1,-1
13,19,129.77611138372532,51.41808319091797,54.4868580430962,54.06148681640625,1,-1,-1,-1
14,5,-3.379277838446569,75.90956567216512,96.73477056201382,122.2721868757249,1,-1,-1,-1
14,7,121.91986148758885,176.62664433900665,66.52179782357948,67.81889952295136,1,-1,-1,-1
14,12,166.23153803619874,109.94782604459874,61.227841024575795,61.04350937756822,1,-1,-1,-1
14,15,9.501957723795641,89.33210964083864,65.86891477677459,71.66732025495098,1,-1,-1,-1
15,5,-4.125317537899782,67.27533703968422,107.94331417368134,137.4476952986958,1,-1,-1,-1
15,7,123.98216489183334,192.79175103696576,63.606318688166745,64.80590563344808,1,-1,-1,-1
15,12,167.4489081230894,99.80358901933556,61.36438456854296,61.181687160164984,1,-1,-1,-1
15,15,-1.5206369771327815,69.75627112121296,73.42818729909773,80.43419985572535,1,-1,-1,-1
15,20,135.40351162718292,1.26743392944336,68.69765814211854,52.478033447265624,1,-1,-1,-1
15,16,104.55545019824623,18.19694744737801,54.24028511276844,54.185952239897524,1,-1,-1,-1
16,5,-0.17410642827516654,65.99862095761368,91.36965138729371,115.57592534838835,1,-1,-1,-1
16,12,168.2761697907411,89.62270413787208,61.562421900404864,61.403047628828965,1,-1,-1,-1
16,15,-3.5644127821687697,56.36315023513089,68.21610198820127,74.91052300778509,1,-1,-1,-1
16,18,94.83888043058303,3.238178658199235,54.30599377819971,53.795370982023634,1,-1,-1,-1
17,5,-1.325834351690375,53.17236912740246,90.63093359787341,115.11373554603202,1,-1,-1,-1
17,12,169.05766684330163,79.68313171778776,61.77442854859414,61.63139675278893,1,-1,-1,-1
17,15,0.3302066267681809,43.5693139574357,65.29837171867281,71.57925425601918,1,-1,-1,-1
17,22,125.09857430015936,165.38816528320314,66.30260725905629,67.87057495117188,1,-1,-1,-1
17,18,90.44071247721699,2.0836077280645036,44.71716266565906,43.65386641931202,1,-1,-1,-1
17,17,185.05384044691712,26.96506904158552,56.00082544050217,56.17296154225995,1,-1,-1,-1
18,5,-0.1715373580507702,44.98201646729513,87.25827753919216,110.69004962264314,1,-1,-1,-1
18,12,170.05564039868392,69.56351251351715,61.78149748784764,61.647295779146596,1,-1,-1,-1
18,15,5.785852236246427,30.454330537452613,64.37404730260361,70.35624855578952,1,-1,-1,-1
18,22,126.2449663236747,150.67826649158474,65.9285768740641,67.48490848529657,1,-1,-1,-1
19,5,-0.7832077969549402,41.499310537276386,91.23051509947763,116.00574078273459,1,-1,-1,-1
19,12,170.985645875795,59.08841427738106,62.0588063748244,61.93978758629118,1,-1,-1,-1
19,15,10.102569973571867,14.18246309598483,66.35313366902075,72.48698927295568,1,-1,-1,-1
19,22,127.65258965390657,133.11795425076323,65.7106484206581,67.25440486009596,1,-1,-1,-1
19,24,62.64687181918724,14.159731292724612,54.628821058891134,54.38756332397461,1,-1,-1,-1
20,5,1.7679229236875713,53.260154246225724,86.35019567276319,108.8931712618442,1,-1,-1,-1
20,12,168.07840076521322,56.292520511640056,58.991895773174726,58.90240726598849,1,-1,-1,-1
20,15,16.624643879208605,-0.06468082595417002,66.81191719788603,72.8346051698081,1,-1,-1,-1
20,22,127.88323967311,115.9121694420857,65.78601596264176,67.33162735849524,1,-1,-1,-1
21,5,0.7836297872504403,58.93480792437496,90.08262129060263,113.54730695745955,1,-1,-1,-1
21,12,172.05209630666644,41.382855135746965,60.74204044420154,60.65823975760815,1,-1,-1,-1
21,22,128.16840852739222,99.79186593939961,66.04172123965827,67.60642835591935,1,-1,-1,-1
21,27,41.470128103616574,44.6150779724121,54.7784426758235,54.54015274047852,1,-1,-1,-1
22,5,1.8711251887016047,71.32455565225976,88.11997769963172,110.40595476174146,1,-1,-1,-1
22,12,173.98703288795016,29.97316743675806,61.03073252597493,60.94668425992124,1,-1,-1,-1
22,22,126.9163109175172,89.32697607002771,58.232002803054584,59.52617243704053,1,-1,-1,-1
22,27,31.32964597466829,33.17343772661083,68.56799551273131,68.38673650155843,1,-1,-1,-1
23,5,1.1428452671725537,79.28251257938791,90.73067557533754,113.49934279772414,1,-1,-1,-1
23,12,175.6943959403903,19.634206003847293,61.081430504999744,60.98863547926779,1,-1,-1,-1
23,22,129.54510155162654,68.7338575999769,63.4724424401219,64.96582850707091,1,-1,-1,-1
23,27,32.68959670253032,38.82244243770545,72.53339837726195,72.50673112424303,1,-1,-1,-1
23,31,18.630289870317828,73.50287933349608,56.83633111751865,56.638424682617185,1,-1,-1,-1
24,5,0.13703588096321084,87.26561378902295,92.23560266512928,115.50576592383158,1,-1,-1,-1
24,12,176.6608551645247,9.598567165606202,61.20621536194809,61.13110135935046,1,-1,-1,-1
24,22,131.32160439563944,50.73081112362357,65.25095801579258,66.80199650935964,1,-1,-1,-1
24,27,37.27962168875682,52.68694904403331,73.80843157659996,74.00383943736264,1,-1,-1,-1
24,32,89.96812249150906,114.87910614013671,55.682779675184996,55.73822784423828,1,-1,-1,-1
25,5,1.5686401067274787,94.99910981019127,91.68986431390186,114.35884656580903,1,-1,-1,-1
25,12,177.99946809123924,-0.10411846679085457,60.74239878423677,60.648264976812456,1,-1,-1,-1
25,22,132.55369448674372,34.66882779124466,65.66346548576357,67.25128321699351,1,-1,-1,-1
25,27,44.3395241071988,67.19120812583421,73.72245139847945,74.21283567534357,1,-1,-1,-1
25,33,-0.7113052452720439,100.64653015136719,56.26676027081753,58.014892578125,1,-1,-1,-1
26,5,0.8916011906724108,103.55046217181652,94.27378643644218,117.45838275690458,1,-1,-1,-1
26,12,181.89830875448158,-3.208666371473125,54.816903942154,53.816993685527514,1,-1,-1,-1
26,22,134.02866457956242,18.507518786250436,65.91070833619868,67.48306123564076,1,-1,-1,-1
26,27,50.009574938906916,83.06547144349777,73.69112885643356,74.52524718865683,1,-1,-1,-1
26,35,47.267535523462485,138.03403930664064,57.91035741987189,57.61307373046875,1,-1,-1,-1
27,5,-0.5217308815426094,107.83669428609394,102.83871934912766,128.4743008198194,1,-1,-1,-1
27,22,134.2581820078675,1.0296734498655198,68.19587136067332,69.8163127246213,1,-1,-1,-1
27,27,57.20941710479156,99.72658166082684,72.19681239810832,73.25322868839497,1,-1,-1,-1
27,36,5.886782998976358,128.19127960205077,67.32551160824846,65.8491226196289,1,-1,-1,-1
28,5,1.8189950024772088,118.39634515695747,101.24393449870531,126.02033853987905,1,-1,-1,-1
28,22,139.461094189386,-4.490997000337185,58.714556503714746,58.990826399554486,1,-1,-1,-1
28,27,63.772451947926434,115.14601997078489,71.87699424522752,73.25829243089146,1,-1,-1,-1
28,37,180.2376123590434,8.224287414550776,61.679078260428824,61.24864730834961,1,-1,-1,-1
28,38,24.039711894803013,152.54136962890624,60.08410541571624,60.909112548828126,1,-1,-1,-1
29,5,2.6096752189885066,130.9034419746891,93.86177739316965,116.34796694586915,1,-1,-1,-1
29,27,70.74818803450628,130.73960188648707,71.49840467259114,73.22086001489329,1,-1,-1,-1
29,37,180.98753186373133,16.63850543705812,61.800811770652686,61.37161926547542,1,-1,-1,-1
29,38,33.74062660631759,164.80219732515988,57.641690659273685,58.42818405929389,1,-1,-1,-1
29,39,-4.908225046005082,179.849365234375,57.33435399215664,57.06105346679688,1,-1,-1,-1
30,5,1.9394052760831855,134.93370277449034,93.21380618679213,115.13208554563232,1,-1,-1,-1
30,27,77.5639797746914,146.14831547860246,70.32719987393693,72.2802102618125,1,-1,-1,-1
30,37,181.77799576585724,27.637723538591448,61.27437904187458,60.855796416838366,1,-1,-1,-1
30,38,46.46206419625485,179.46241639161056,56.62798875861442,57.3913432072272,1,-1,-1,-1
30,39,3.312359698231649,191.4555762107692,57.09369280734693,56.82012461329215,1,-1,-1,-1
30,40,136.26047984777722,13.882467651367186,69.55413796069558,68.90646057128906,1,-1,-1,-1
31,5,3.9396801597245243,132.06870513054315,96.28538914430901,117.6125329980463,1,-1,-1,-1
31,27,83.06259594768493,161.27282461388904,70.86703300320804,73.21877137293903,1,-1,-1,-1
31,37,182.86077310206383,38.35909421506975,61.70868344875754,61.29756150057649,1,-1,-1,-1
31,38,62.41815430119509,195.18387479734287,53.27628212103705,53.99501682082962,1,-1,-1,-1
31,40,138.1177338358585,28.050745885852713,68.62476543424062,67.99899098183774,1,-1,-1,-1
32,5,0.8323912219058371,121.04198019797617,108.40338796040143,132.67216430150447,1,-1,-1,-1
32,27,89.80814583207987,176.59851104113446,70.46172334998231,73.11015114507184,1,-1,-1,-1
32,37,183.33960085245099,48.294931994974505,62.061071336566144,61.66184473553244,1,-1,-1,-1
32,38,83.22346447880562,215.60305932137038,40.596215670259,40.417982604886205,1,-1,-1,-1
32,40,139.44527056342585,45.90250595755398,68.01881141633642,67.44164264507977,1,-1,-1,-1
32,35,46.18543593832799,195.63263456005575,53.71027871067854,53.408149933143775,1,-1,-1,-1
33,5,-1.0413495349312427,109.40814813085383,116.43113368847045,143.06455826072286,1,-1,-1,-1
33,27,99.33304122363529,191.7333282027176,65.26672058964338,67.67922297209887,1,-1,-1,-1
33,37,185.29799759888186,59.08183438333999,61.142143267059616,60.75115769019452,1,-1,-1,-1
33,40,139.75031290763803,63.358093626210966,67.4978173108385,66.98973509459414,1,-1,-1,-1
34,5,-1.1210208141362727,100.64994747002008,121.89990462784787,150.07003245383325,1,-1,-1,-1
34,37,186.21274409370875,68.8178967621877,61.48244119208229,61.12176932013669,1,-1,-1,-1
34,40,137.48816114146885,77.77569484089977,70.7439484182388,70.39487001056501,1,-1,-1,-1
34,43,85.74299039150138,174.2316436767578,58.26609136055194,57.99171142578125,1,-1,-1,-1
35,5,-3.2883074396755774,87.11323399811971,120.77562580358324,149.92702322941375,1,-1,-1,-1
35,37,186.95320679119075,79.31145337293091,61.38658894436192,61.03801768499256,1,-1,-1,-1
35,40,141.30319035466525,95.82964583731561,68.77457154914963,68.48019387931703,1,-1,-1,-1
35,44,106.95042004867312,160.46248779296874,55.00362157257565,60.4581787109375,1,-1,-1,-1
36,5,-4.14904075689568,73.84023275619074,122.34614385839096,153.0972667197184,1,-1,-1,-1
36,37,187.82142477399822,89.56698397675567,61.243728686686865,60.910659739110834,1,-1,-1,-1
36,40,142.08845439833598,114.05235019991386,67.94932578084759,67.71729119726206,1,-1,-1,-1
37,5,-1.939316941338781,65.40479642109368,114.39169158774764,143.27719020347698,1,-1,-1,-1
37,37,189.17953651974716,99.67231082568655,60.972581722056724,60.63533725652721,1,-1,-1,-1
37,40,143.07690100752038,129.78913366112073,63.150589099812926,63.01743924310668,1,-1,-1,-1
38,5,-4.007138921247694,51.87715557122799,115.72871340551202,146.31857521835673,1,-1,-1,-1
38,37,189.4419989281333,109.42018822877175,61.335650631369724,60.99344499073603,1,-1,-1,-1
38,40,144.37786841747575,146.1787116581302,65.98863896830214,65.9971108950013,1,-1,-1,-1
38,44,129.80303678596437,121.77108368805993,62.75948118047452,68.84804015613773,1,-1,-1,-1
39,5,-5.120485356943327,40.11938494646553,118.47917629788353,151.31935443958682,1,-1,-1,-1
39,37,191.01181249638267,120.01369181308189,60.85843770283568,60.542811971957,1,-1,-1,-1
39,40,145.8516443442619,161.58689470219653,66.35994304201826,66.50966923233005,1,-1,-1,-1
39,44,137.57864119183972,107.53193422395651,60.10848885951488,65.91810255353745,1,-1,-1,-1
40,5,-4.466679897787131,29.372432915794562,117.43435080253202,151.07776553040196,1,-1,-1,-1
40,37,191.4616821155227,129.67083653044153,61.13614509598733,60.82976085056846,1,-1,-1,-1
40,40,147.1464775420977,176.74291577811366,67.09506705441794,67.3601957763218,1,-1,-1,-1
40,44,142.03846163961225,91.68028481116657,63.13679564705573,69.20065817461204,1,-1,-1,-1
40,48,199.87813658502162,94.25469207763672,54.93091555065992,55.426002502441406,1,-1,-1,-1
41,5,-1.082625715457148,20.385941826946535,118.05452062773072,151.593117883916,1,-1,-1,-1
41,37,193.26348429389026,139.77244238401522,61.22659980100115,61.01279954811625,1,-1,-1,-1
41,40,149.65990104713813,192.31288550774056,65.40176512125356,65.65558761322812,1,-1,-1,-1
41,44,146.77355649523804,74.7449203967698,65.77275704064154,72.18153288123155,1,-1,-1,-1
42,5,-2.2658872535328527,13.189330328440036,118.16253745048958,152.54970878189707,1,-1,-1,-1
42,37,193.7548855595917,149.7925695784769,60.700078201177504,60.51407350987243,1,-1,-1,-1
42,44,156.37002551827518,63.3252555278223,61.66657890266952,67.35567715434514,1,-1,-1,-1
42,49,182.1034730311874,63.616418457031244,56.66083958215643,56.81565856933594,1,-1,-1,-1
43,5,0.15231090488498467,14.73041673307658,117.65430311147045,151.4402484390476,1,-1,-1,-1
43,37,194.40420427202463,159.47025324766363,60.93368440165057,60.8442838754959,1,-1,-1,-1
43,44,162.59379235006526,47.315842454684585,65.34398583929121,71.29950298642453,1,-1,-1,-1
43,49,187.80691545079185,50.90971828249123,57.29667048091957,57.444354535225756,1,-1,-1,-1
43,50,152.05278585199494,163.31915893554688,66.57990192882264,67.64601440429688,1,-1,-1,-1
44,5,0.13915938408870687,18.494691093217327,118.53452865274693,152.5445754623582,1,-1,-1,-1
44,37,194.011970211388,168.81567061483554,61.147331089638364,61.05977318062807,1,-1,-1,-1
44,44,165.9186890313563,30.101128356520725,66.51667297919305,72.63021087019793,1,-1,-1,-1
44,49,198.05352413127522,35.037867478214444,56.33796546393863,56.60462898177279,1,-1,-1,-1
44,50,151.2080752578584,148.66947859331944,67.60758164122174,68.69280402192335,1,-1,-1,-1
44,51,129.9552352719899,41.579986572265625,56.1015350712546,55.771749877929686,1,-1,-1,-1
45,5,-1.4186417708597716,24.527607265892456,121.39867524953135,156.8734058948659,1,-1,-1,-1
45,37,193.23102054578908,178.77687826665235,61.613777134695056,61.50661042593775,1,-1,-1,-1
45,44,170.72558879416076,13.95736121770205,66.6008035017587,72.69182020958999,1,-1,-1,-1
45,49,198.39971373463428,19.620319478034556,53.551182364515455,53.80853676329216,1,-1,-1,-1
45,50,152.63437199526032,132.22229004509668,67.1038773892458,68.18282249601587,1,-1,-1,-1
46,5,-1.5978081815136491,36.67488154572496,119.32079875056684,154.662836158916,1,-1,-1,-1
46,37,192.02246089185024,189.24820963618095,61.51942696888105,61.406501207502,1,-1,-1,-1
46,44,178.4960706250021,0.36522993982204355,63.65061158574863,69.2456828825238,1,-1,-1,-1
46,50,153.64549624230696,114.9903057648248,67.00211772321325,68.08010858405179,1,-1,-1,-1
46,52,89.70990827902807,15.830197525024417,56.28512271196339,56.1118896484375,1,-1,-1,-1
47,5,-1.7318935386411738,43.17074585999913,122.08997778481152,158.82920523283602,1,-1,-1,-1
47,37,192.30534555837482,198.8471203789172,59.162462830818214,58.701689955480525,1,-1,-1,-1
47,50,154.28928092584783,100.07633778071776,66.73196670701786,67.8472025818966,1,-1,-1,-1
48,5,-1.5348815057798362,50.866195127540365,121.66040152798176,158.65988637151028,1,-1,-1,-1
48,37,190.29772284209645,195.9066914811443,60.833903402260695,60.390638866551974,1,-1,-1,-1
48,50,155.19386442452551,82.22045431233306,67.22193938496453,68.3938321239336,1,-1,-1,-1
48,53,56.07864382099085,0.5197891235351584,44.776635697862076,44.51646957397461,1,-1,-1,-1
48,54,186.4289000835651,25.740972900390624,67.3923829383385,72.63593444824218,1,-1,-1,-1
48,55,155.7274521380351,3.0737289428710923,68.96026906377358,51.092959594726565,1,-1,-1,-1
49,5,-0.7060196041882634,58.79848421105295,122.92106095669894,160.75787696989167,1,-1,-1,-1
49,50,156.50391511245166,65.77924102102222,68.33681420980764,69.57595037842135,1,-1,-1,-1
49,54,192.8330984644432,41.41068548107352,65.17847391892467,70.2949762434675,1,-1,-1,-1
49,51,149.23505107636137,18.844501788037675,54.66576192229065,54.39125929411094,1,-1,-1,-1
50,5,-1.0138066191434163,66.65451604505526,122.89804830474587,161.06211213345756,1,-1,-1,-1
50,50,157.64769509642682,49.387612429536425,66.99825074252459,68.17548707155585,1,-1,-1,-1
50,54,189.7435434770946,56.60410499818501,65.56753246502032,70.7439833524302,1,-1,-1,-1
50,56,10.003993832630385,10.428157806396484,55.87941086379196,55.55704116821289,1,-1,-1,-1
50,57,188.07273930779124,171.74879150390626,61.4396165992613,61.08961791992188,1,-1,-1,-1
51,5,-0.4471090071942072,74.99878905246435,124.2535107897455,163.36103989602603,1,-1,-1,-1
51,50,158.63333457122172,33.9680444715899,66.66510798347424,67.89058276049418,1,-1,-1,-1
51,54,184.13910054930915,72.660987753818,65.42366348960122,70.57905224230909,1,-1,-1,-1
51,57,187.44107203205184,162.2595583159014,61.737352011525054,61.39702419819178,1,-1,-1,-1
51,52,127.61847212261151,48.07868902613913,53.91079752264886,53.723542609796596,1,-1,-1,-1
52,5,0.6405751403694566,85.60985050531986,122.28851492105827,160.40575083753265,1,-1,-1,-1
52,50,158.680416089691,17.524629148073373,67.26828073690692,68.48644035720498,1,-1,-1,-1
52,54,178.4147847343845,87.68872447623485,65.90164161481107,71.14125118694348,1,-1,-1,-1
52,57,186.298202331473,151.29677944869002,61.73488631831207,61.40790023298982,1,-1,-1,-1
52,60,10.49384731400746,36.14300842285156,41.49971153043235,56.53403015136719,1,-1,-1,-1
53,5,1.5507210422039108,93.22806650844832,122.04437897154688,160.12993946435935,1,-1,-1,-1
53,50,160.42902885116314,2.6031617322454323,65.93594891557652,67.0796511169498,1,-1,-1,-1
53,54,171.91326683384827,101.49869197483191,66.36894744864473,71.65891453433184,1,-1,-1,-1
53,57,184.94710106802142,140.27159132154102,61.91511557149968,61.59525178772436,1,-1,-1,-1
53,62,108.37022829415795,75.51653518676757,53.858701126527805,53.53436508178711,1,-1,-1,-1
54,5,2.6651516198605947,105.61737814369343,115.05839421610919,149.99980740219922,1,-1,-1,-1
54,50,166.58294363062896,-4.078777079669518,57.03025313191266,56.8426852361628,1,-1,-1,-1
54,57,183.4966476333922,130.27348752120025,62.26862722714297,61.93120118895523,1,-1,-1,-1
54,63,41.387869258889864,62.71951599121094,56.07298661039412,55.85783386230469,1,-1,-1,-1
55,5,1.9588696108264543,99.3781769320513,120.05517824759522,156.6656085317278,1,-1,-1,-1
55,57,182.89187619220718,119.72887546087134,62.09949964633462,61.78743670471147,1,-1,-1,-1
55,64,85.81702826318998,105.20680694580076,54.4650798261591,53.64371185302734,1,-1,-1,-1
55,54,158.8850028856142,133.02414567016638,65.0916991226777,70.19362875875245,1,-1,-1,-1
56,5,0.5844690731474742,91.69185360473739,120.06853891100464,156.7528241214216,1,-1,-1,-1
56,57,182.3279127893071,110.30319676024209,61.37403703032142,61.0624944347817,1,-1,-1,-1
56,65,163.90906114454776,15.589329528808598,66.25153713473262,67.42926940917968,1,-1,-1,-1
56,54,153.12813343668765,149.70987311792845,64.6663352443715,69.70701448371143,1,-1,-1,-1
56,62,86.6783448692532,90.42460032888442,56.07617907330144,55.74497010558918,1,-1,-1,-1
57,5,1.8851450973749735,81.15498899210313,122.72327470293271,160.50977996594034,1,-1,-1,-1
57,57,181.66127455221238,100.07219234097704,61.718355345350155,61.42149870308902,1,-1,-1,-1
57,65,164.67462384167456,29.86177176668874,66.86600918800748,68.0593844082578,1,-1,-1,-1
57,54,146.4006603477945,163.1277281120196,66.67676979480107,71.95839089752546,1,-1,-1,-1
57,67,63.59055831680064,135.62364959716797,54.144655461125296,53.71832427978516,1,-1,-1,-1
57,64,103.66515561815629,104.76107703951737,55.82715838095646,55.01385201139823,1,-1,-1,-1
58,5,2.342322417944594,71.83797543163506,123.26881973004693,161.0994665166488,1,-1,-1,-1
58,57,180.2639477618162,89.62305748880122,61.904813561946874,61.631347189982286,1,-1,-1,-1
58,65,162.47574283410023,45.61491937207512,69.51603289948619,70.76862550351737,1,-1,-1,-1
58,54,140.71761234816313,179.3267173943575,66.28007088605038,71.53087799402905,1,-1,-1,-1
59,5,6.1328356307361105,65.85332604933454,123.78937647832711,160.7021883053097,1,-1,-1,-1
59,57,179.27585424569895,79.95915721809911,61.7230831157615,61.49088180604879,1,-1,-1,-1
59,54,136.35564825257842,192.55954739786972,62.658440193873666,67.2901957959845,1,-1,-1,-1
59,68,41.30323608290168,164.6355773925781,55.037238161345066,54.170770263671876,1,-1,-1,-1
59,69,141.87045745529585,127.8392608642578,56.1535919253458,55.7273681640625,1,-1,-1,-1
60,5,6.3706371538348705,56.46112304037152,125.16109598312012,161.48195638181096,1,-1,-1,-1
60,57,176.01563022981787,74.57452514953073,64.2647264609682,64.17271025811988,1,-1,-1,-1
61,5,4.388367863127442,43.30613246636341,125.27149244092058,160.7467949904533,1,-1,-1,-1
61,57,176.18448996869512,61.42769875627792,62.40809906904782,62.34092322847919,1,-1,-1,-1
61,70,182.53752089776566,153.78500061035157,55.786194776734334,55.7782958984375,1,-1,-1,-1
61,71,123.38701905096474,166.09507446289064,66.3795690758049,71.19623413085938,1,-1,-1,-1
61,72,20.190249933948476,195.39552307128906,54.18596818019876,53.799853515625,1,-1,-1,-1
61,65,167.58445879118605,95.23713731417001,66.3116438689028,67.44634215418624,1,-1,-1,-1
62,5,8.54572454949183,37.28698204027799,126.90048203665357,162.03846777671788,1,-1,-1,-1
62,57,176.0638162237966,50.06584407757638,61.88236665642827,61.82422099170789,1,-1,-1,-1
62,71,118.3099350186852,152.50952358272193,66.47549219874782,71.32064085023895,1,-1,-1,-1
62,65,169.9550651290781,112.01354337070752,66.69718311130859,67.7647051675564,1,-1,-1,-1
63,5,4.345099608867734,21.78443622192306,127.79357206526775,163.36800096310296,1,-1,-1,-1
63,57,175.40336389070762,39.39544035094497,61.64305161557734,61.582600788672366,1,-1,-1,-1
63,71,113.79017662695244,137.4062008990691,64.29593527332135,69.01982854254904,1,-1,-1,-1
63,65,172.06252266936184,129.20883616306588,64.86131673708405,65.8904620403392,1,-1,-1,-1
63,73,192.4552693635726,179.61369628906252,49.177754729886004,56.24006958007813,1,-1,-1,-1
63,72,-0.20445759370301175,197.72835174982436,54.502829005983266,54.27582075440884,1,-1,-1,-1
64,5,4.077017683285128,10.82644266751565,125.40362437760042,160.04382704343757,1,-1,-1,-1
64,57,174.24549452565023,29.415103052293237,61.48653474914884,61.454869967961876,1,-1,-1,-1
64,71,106.70011500421887,120.97090119944446,65.70111888721385,70.60500592047775,1,-1,-1,-1
64,65,172.36749461406052,145.49893575776207,65.94558264079024,67.04999552000224,1,-1,-1,-1
64,67,7.728291271626798,183.01853202041582,53.966684379576286,53.54523593204766,1,-1,-1,-1
65,5,8.80161305688182,6.77397974724488,126.35952857102862,160.34594865388522,1,-1,-1,-1
65,57,173.5237922440245,19.320865101372096,61.458333508377756,61.40410656162094,1,-1,-1,-1
65,71,102.171354094762,107.2594482197822,63.845300057264865,68.68099474901938,1,-1,-1,-1
65,65,173.04957036783878,161.8411389159423,66.71932977626979,67.93349893179992,1,-1,-1,-1
65,75,153.0020315390769,205.99968872070315,49.41685366989306,48.984381103515624,1,-1,-1,-1
65,68,18.124034354164156,168.82217230718027,54.46676309748661,53.64863704726038,1,-1,-1,-1
66,5,12.512948642966748,0.6686549808565161,124.88846069031604,158.48208574295938,1,-1,-1,-1
66,57,172.2588998255755,9.515292779662122,61.423429076318875,61.354023449079655,1,-1,-1,-1
66,71,93.3810670025534,90.71128884457295,66.12184394950606,71.20065962696142,1,-1,-1,-1
66,65,174.20877569778452,177.7431626542387,66.89377244145575,68.1834290080752,1,-1,-1,-1
66,69,126.34482456675298,194.2350286543877,55.95158803803804,55.52843555380171,1,-1,-1,-1
67,5,12.600798270045168,1.9116641147546574,124.28413690465074,156.80117376392135,1,-1,-1,-1
67,57,171.56906914701182,-0.11372270965775755,60.80011006932387,60.66499221405911,1,-1,-1,-1
67,71,89.60009265913047,76.79282102842453,63.66248028376812,68.41402328782549,1,-1,-1,-1
67,65,176.19022661256932,193.44599015705586,64.106247324094,65.28862398059093,1,-1,-1,-1
67,76,38.36171769386418,142.0806182861328,52.677779211881024,52.751092529296876,1,-1,-1,-1
68,5,11.05410871971226,5.373012082367097,126.4965463780106,160.11551782035286,1,-1,-1,-1
68,57,173.65659146778128,-2.9506806365806177,54.59751420490743,53.41845318535474,1,-1,-1,-1
68,71,82.01138634027402,61.00711798484435,63.89044087498475,68.6845928320319,1,-1,-1,-1
68,78,89.81068194081871,172.16846313476563,55.84824061055009,55.88797607421875,1,-1,-1,-1
69,5,12.392642178614395,15.102125109582232,129.00740690019273,163.2308316448264,1,-1,-1,-1
69,57,170.18619547164792,-3.6009068924113095,59.63769416858394,58.456022461356255,1,-1,-1,-1
69,71,75.35244493682248,44.68972975293767,65.08509276224656,70.01256778958889,1,-1,-1,-1
69,79,60.28105819885421,109.73957672119141,53.47280410400057,53.37628936767578,1,-1,-1,-1
69,80,176.4558953767318,165.473486328125,65.82107057466142,67.06529541015625,1,-1,-1,-1
70,5,14.441154740408741,23.754581052064452,126.07029623558996,158.95949855500726,1,-1,-1,-1
70,71,68.9254475717026,29.00332965293218,66.03515418390467,71.0944438693243,1,-1,-1,-1
70,80,177.43620015144836,149.63348465375606,66.48909604686642,67.75098698058441,1,-1,-1,-1
70,76,45.3985529876058,143.37675450149007,55.024296073758215,55.09588901857249,1,-1,-1,-1
71,5,9.386268599649569,27.907552270104787,127.18726374751114,160.47650559016756,1,-1,-1,-1
71,71,62.35037392059473,14.217821192684106,66.57306707662535,71.7365245689365,1,-1,-1,-1
71,80,178.2752519846656,131.70970394052117,66.67598240577985,67.94988738848998,1,-1,-1,-1
71,82,167.8949395294702,17.24042510986328,61.325782562153314,61.41641693115234,1,-1,-1,-1
71,83,81.92895411688657,81.39704895019531,53.65873300157842,54.101254272460935,1,-1,-1,-1
72,5,5.400891708373038,34.37200029236894,129.44390849430107,163.36948619090597,1,-1,-1,-1
72,71,56.374612393972185,-0.0628331452527533,66.86097544977432,71.9334901059797,1,-1,-1,-1
72,80,179.8626324543374,116.25396887711707,66.18835941180618,67.47589002383681,1,-1,-1,-1
72,82,166.68963941153928,26.583037759812512,61.24755658029875,61.342614503238906,1,-1,-1,-1
72,84,9.517679528835284,120.260400390625,56.32773145746615,55.658355712890625,1,-1,-1,-1
73,5,5.6802975431616005,42.87142629937361,131.22933256424014,165.71010762928384,1,-1,-1,-1
73,80,180.80719928772004,98.13130829542266,67.02428059836944,68.35457370863186,1,-1,-1,-1
73,82,165.63074446982745,37.1705765265486,61.68844953507877,61.785845625561784,1,-1,-1,-1
73,85,104.09327261424231,51.646826171875,53.85745806741383,53.371701049804685,1,-1,-1,-1
74,5,6.14580495885599,54.09361440835703,130.2695961195952,164.17919121919093,1,-1,-1,-1
74,80,181.58318551895607,82.4290996625522,66.78182405097529,68.16584223485332,1,-1,-1,-1
74,82,164.37464310113938,47.673040408809946,61.579043453660006,61.66961957387086,1,-1,-1,-1
74,86,45.20597181794026,25.518817901611328,67.24176730161948,73.12747192382812,1,-1,-1,-1
74,87,10.790318101667978,93.43989868164063,41.0645420193203,56.01041259765625,1,-1,-1,-1
75,5,12.90274633825969,66.56608682229547,131.3264193983882,165.83771654428025,1,-1,-1,-1
75,82,168.10749343761148,59.619398125608896,63.71137115398623,63.839991754382844,1,-1,-1,-1
75,86,40.64290129478798,39.36642186821326,65.4174116810711,71.14359858336452,1,-1,-1,-1
75,88,125.98927138475159,21.514938354492188,53.5920565957312,53.2734375,1,-1,-1,-1
75,79,25.879943467712003,79.10353414875976,56.528827541001235,56.458767454079045,1,-1,-1,-1
76,5,17.046380652969162,76.22579711468967,131.15309578601205,166.02686953613636,1,-1,-1,-1
76,82,163.9831235668009,69.00075945168948,62.399486211156535,62.531893279189184,1,-1,-1,-1
76,83,46.225402265405286,64.05763834190151,56.8406160159016,57.2906619654313,1,-1,-1,-1
76,80,182.95138946727457,51.6176262183179,66.71332821964585,68.0492667103121,1,-1,-1,-1
77,5,19.017058582269513,88.2569276404288,128.3841767605287,162.19352830818528,1,-1,-1,-1
77,82,161.9852525040399,79.19469348352632,61.8196901178519,61.96206636304149,1,-1,-1,-1
77,89,153.35852080648684,1.1505470275878906,44.00604188312006,43.79045181274414,1,-1,-1,-1
77,80,183.94205889592632,35.639038945663714,66.39704406627185,67.78277458956671,1,-1,-1,-1
77,85,67.32836215007524,52.133348455606665,56.56224321055225,56.08586835426388,1,-1,-1,-1
77,86,27.391148966280404,71.7052916516192,66.99754276685353,72.82207213510377,1,-1,-1,-1
78,5,16.91161739737295,94.37617457929849,125.71571638738627,158.553306869162,1,-1,-1,-1
78,82,160.60929868516035,89.06178704747602,61.48415139455186,61.62012513422672,1,-1,-1,-1
78,80,184.5697611000483,19.498208217046333,66.5192635798418,67.93564619728758,1,-1,-1,-1
78,86,24.95467370858251,88.68173713658594,64.81440409962777,70.37952900174287,1,-1,-1,-1
79,5,19.961063225572218,94.13549970128238,127.19369744631922,160.5978881374126,1,-1,-1,-1
79,82,159.72682382349393,98.92885899655495,61.29454518762781,61.40679751323777,1,-1,-1,-1
79,80,186.99447847662202,2.9274323224183973,65.81254542271938,67.17660741080148,1,-1,-1,-1
79,86,18.609869168064634,101.27523962436956,64.14724704262962,69.55808588656429,1,-1,-1,-1
79,90,168.48276096960765,13.212940597534178,56.72299124437843,56.30763702392578,1,-1,-1,-1
79,88,106.01327046707023,25.60189707460793,56.693657627872064,56.37648476274827,1,-1,-1,-1
80,5,18.837214620410435,84.1722026663177,128.9212848874574,163.06955062987515,1,-1,-1,-1
80,82,158.2862554343573,108.9940131256256,61.29158745369243,61.41558609648025,1,-1,-1,-1
80,80,188.89457788951745,-4.034487854992566,60.053675120411654,60.653220050604084,1,-1,-1,-1
80,86,9.09354164471847,116.59661901201255,64.01044744092232,69.57283492563202,1,-1,-1,-1
80,89,126.7374868809199,12.876291990784036,55.36848760274841,55.08900494798083,1,-1,-1,-1
81,5,17.877269211495417,74.38603527061665,129.53266664757962,163.70849789659724,1,-1,-1,-1
81,82,157.33573391044564,119.18396913870029,61.515303033755416,61.63252094620527,1,-1,-1,-1
81,86,1.786776800137659,132.9298608118129,64.68405979207242,70.36580953209027,1,-1,-1,-1
81,92,191.98200491559777,45.19436798095703,53.89097063755443,53.91734619140625,1,-1,-1,-1
81,90,148.22749682420007,2.075399432939051,56.45721405608232,56.03872382941232,1,-1,-1,-1
82,5,19.52132207422484,70.4171567363864,128.25987791936217,160.921365635663,1,-1,-1,-1
82,82,156.2295077195499,129.26800261294701,61.6211328787542,61.721035228463975,1,-1,-1,-1
82,86,-2.0900159403699057,147.83048324308078,65.03061865873372,70.92529980593096,1,-1,-1,-1
82,93,190.00528912799308,17.123227691650392,65.55697545495136,65.86993408203125,1,-1,-1,-1
83,5,22.087483288064163,57.73294633779264,131.91372964381088,165.73984424128685,1,-1,-1,-1
83,82,155.40488029862095,139.2440623019836,61.15773111266081,61.25054526572056,1,-1,-1,-1
83,86,-0.25775398159722585,162.68120898639296,64.92582580377716,70.76976757072615,1,-1,-1,-1
83,93,192.60539009820366,21.104747970850738,60.21113651251817,60.46318155529151,1,-1,-1,-1
83,94,199.47250196649367,75.57455444335938,46.99833102795015,53.86051025390625,1,-1,-1,-1
83,95,173.79208081559793,0.33958663940429545,71.97664769497602,53.611444091796876,1,-1,-1,-1
83,92,193.19276571232552,48.473307017105185,60.07603460976268,60.13628948806488,1,-1,-1,-1
84,5,24.062376425263295,49.88916224290851,131.48498605662178,164.74093252072342,1,-1,-1,-1
84,82,154.2386590976578,149.06062375196205,61.19670201321977,61.28048494451465,1,-1,-1,-1
84,86,4.772963153896512,178.45191481018114,65.41496302352863,71.20355648395268,1,-1,-1,-1
84,93,200.405226387091,14.38567778862939,56.73134964065265,57.20750290432641,1,-1,-1,-1
84,92,191.37624960906365,54.48968142051035,62.13471871901296,62.188728096506395,1,-1,-1,-1
85,5,26.719915951591226,48.43720933707013,126.11335946730681,157.106822670818,1,-1,-1,-1
85,82,153.21599849303573,159.2405205568728,61.181044253336296,61.25108326262502,1,-1,-1,-1
85,86,12.615368248074407,193.84149785746078,61.20210688394938,66.11525144670925,1,-1,-1,-1
85,92,187.465150831818,62.60472969712614,68.27490754328153,68.43518972571404,1,-1,-1,-1
85,96,174.46562595564853,106.00234985351562,52.987607951984145,53.213436889648435,1,-1,-1,-1
86,5,27.150985278829097,32.25030020159983,131.19855298081097,164.0727173617688,1,-1,-1,-1
86,82,152.25864844447736,169.3823444200482,61.21192884272661,61.29740821597924,1,-1,-1,-1
86,92,186.14605032720138,77.64025107780446,68.77192397566102,69.02129434385633,1,-1,-1,-1
86,97,169.87897527216134,36.15318222045898,56.22897572520854,56.03548355102539,1,-1,-1,-1
87,5,23.73656173628764,18.28746856737017,132.78521294466955,166.5371883448572,1,-1,-1,-1
87,82,150.85776472996045,179.07849738302806,61.72147399025172,61.83299271909592,1,-1,-1,-1
87,92,184.84215538002795,93.95191993064569,68.98347109062301,69.34342274469599,1,-1,-1,-1
87,98,151.75602606707713,135.2127212524414,55.894954701783256,55.77297821044922,1,-1,-1,-1
87,99,25.12562534536626,166.4173156738281,66.36604819842763,71.64019165039062,1,-1,-1,-1
88,5,28.672933693427524,17.166366547634325,132.6904631042351,165.36880828129634,1,-1,-1,-1
88,82,149.82577383107753,189.18523854288497,61.575453842506654,61.70430007727745,1,-1,-1,-1
88,92,183.9441892474942,110.16370761259884,68.82539327070221,69.28808693359838,1,-1,-1,-1
88,99,30.200883186184463,152.9527105482911,65.96860409576651,71.21151381564816,1,-1,-1,-1
88,101,130.08610855466932,62.16330337524414,56.34968840823951,56.210506439208984,1,-1,-1,-1
89,5,29.691128006790635,12.008736126807989,132.6071501305581,164.85101513539462,1,-1,-1,-1
89,82,150.02842436371583,199.00511835706783,58.95654699185121,58.73844192243552,1,-1,-1,-1
89,92,183.14768662118468,126.6605787388157,68.75850381585349,69.32197970894225,1,-1,-1,-1
89,99,36.402035608676755,136.1890054498665,66.46843975811814,71.75997251693927,1,-1,-1,-1
89,102,129.86080924308507,165.93233337402344,53.50066544937675,53.506591796875,1,-1,-1,-1
90,5,30.894102697272267,2.684552731800693,127.03123901559339,156.97707401138808,1,-1,-1,-1
90,82,148.66578614439908,195.6701258233385,60.501163164455185,60.29145898276345,1,-1,-1,-1
90,92,182.62373932726672,143.16324939148342,67.99990279573616,68.62714368622406,1,-1,-1,-1
90,99,42.90794150351904,120.07967184301478,66.62382644010964,71.89795120844978,1,-1,-1,-1
90,104,88.72584994337478,89.82984771728516,55.651449527312934,54.52344818115235,1,-1,-1,-1
91,5,30.668656279813646,-0.6492042157248363,127.9647306365525,158.1535704522459,1,-1,-1,-1
91,92,181.4837310522544,158.90972643859908,68.66107309753374,69.42920023765575,1,-1,-1,-1
91,99,59.41671901069867,104.10248351669424,58.09187930681725,62.52422255210719,1,-1,-1,-1
91,105,109.17777408618844,195.4333953857422,53.41195060692002,53.03399658203125,1,-1,-1,-1
92,5,27.794637599372777,2.999926203621172,128.94679141726263,159.5018132242865,1,-1,-1,-1
92,92,181.91867598919066,175.90134735877933,67.18358596134541,68.05331205409308,1,-1,-1,-1
92,99,53.942970691287115,81.22512127880069,71.15891716348935,76.777964831883,1,-1,-1,-1
92,107,146.77786046218128,171.86677856445314,61.28143727876246,61.232183837890624,1,-1,-1,-1
93,5,32.49928136663327,14.74838445271665,132.01988053880936,162.90949205618955,1,-1,-1,-1
93,92,181.41702681981073,191.6001024546556,65.52103807427362,66.35821533800215,1,-1,-1,-1
93,99,63.44373677038698,70.0813253589404,66.89179492974776,72.07385745216058,1,-1,-1,-1
93,107,145.62245823559832,162.81779037114447,60.84635117290708,60.80223670031673,1,-1,-1,-1
93,108,66.39992176366268,76.90740356445312,142.23226401661995,147.48348999023438,1,-1,-1,-1
93,109,29.61006460361612,127.2125274658203,56.63077411308024,56.638824462890625,1,-1,-1,-1
93,105,86.41947773448119,197.74361687353283,54.14774408656981,53.763736785231046,1,-1,-1,-1
94,5,37.658285127158024,29.8722826846343,132.39300961908336,162.5849185284981,1,-1,-1,-1
94,99,69.08456833964948,58.717571876715205,66.16899968982904,71.26134058821974,1,-1,-1,-1
94,107,144.56245994190908,152.08926886401767,60.48726932681224,60.444573478527026,1,-1,-1,-1
94,105,74.59503648538585,187.38326327290127,54.04873828681392,53.666175687198034,1,-1,-1,-1
94,98,179.47016334743643,178.12713264580992,67.20202507413492,67.16376288285963,1,-1,-1,-1
95,5,36.74183087742428,39.164220986670045,132.6075092217117,163.00213331795985,1,-1,-1,-1
95,99,74.71418489459052,43.89681257966998,65.814071665777,70.90430048638878,1,-1,-1,-1
95,107,144.21773197398943,140.77277343265393,60.786686269458905,60.75255796555036,1,-1,-1,-1
95,111,-4.23713762002571,153.68649291992188,56.023761018860014,56.160711669921874,1,-1,-1,-1
95,102,62.85673217772511,168.20690964769054,53.38137042825414,53.38383818584758,1,-1,-1,-1
96,5,35.287785257194784,45.94143772716282,132.37089555096182,161.76149018695372,1,-1,-1,-1
96,99,79.87476077979792,29.675544437271583,65.82685276395564,70.94495875713261,1,-1,-1,-1
96,107,144.10340215457427,130.61759556980445,59.90342450747947,59.864245736044126,1,-1,-1,-1
96,112,177.5430994838011,149.1089904785156,65.82904761442911,68.65140991210937,1,-1,-1,-1
96,102,51.84799668008888,158.40107931244816,53.84295626698392,53.80766568952278,1,-1,-1,-1
97,5,31.09786718745538,48.70647122918038,133.90083529031884,163.46924764542484,1,-1,-1,-1
97,99,86.21749704251516,14.249275967477423,66.09286362463311,71.25120316899454,1,-1,-1,-1
97,107,142.11349645807366,119.73404919578596,60.92607938211113,60.88042284683582,1,-1,-1,-1
97,112,176.71182862895486,134.78095461445562,65.15090833840246,67.95589793473526,1,-1,-1,-1
97,104,39.58405553116739,138.16109303330185,55.37260413125544,54.338822416769354,1,-1,-1,-1
97,105,27.59973832529595,182.40928804934782,56.13164827025684,55.76324194923675,1,-1,-1,-1
98,5,31.450771819656524,56.35705545031071,133.5912546867521,163.71812229088394,1,-1,-1,-1
98,99,92.35173006444336,-0.0447930332419233,66.35306291114476,71.50436710053204,1,-1,-1,-1
98,107,140.02898244040446,109.55464892807704,61.65099545505026,61.624528332343885,1,-1,-1,-1
98,112,175.34523146785932,117.29297502254326,65.66953257840787,68.54148732340413,1,-1,-1,-1
98,109,29.08985880782477,123.21187075344133,53.86215021230554,53.9031979304956,1,-1,-1,-1
99,5,31.983467866902544,64.68075163303823,134.22481936081192,165.24591116073407,1,-1,-1,-1
99,107,139.41424777272223,99.49444799150693,61.38925978613833,61.35182588430908,1,-1,-1,-1
99,112,175.75067498438648,101.01728941630003,64.06113768754568,66.78606506664589,1,-1,-1,-1
99,114,64.87089547201452,205.91288146972656,49.05103742511157,48.557916259765626,1,-1,-1,-1
100,5,38.07583564020507,79.29052075276178,130.99759480166347,159.87341078508115,1,-1,-1,-1
100,107,138.5487821888211,90.05321664400068,61.391493603490495,61.4190617891846,1,-1,-1,-1
100,112,172.6662596011918,83.33925671244917,65.81733664693367,68.58738368662776,1,-1,-1,-1
100,115,102.68022520636949,26.75417022705078,65.62791018296414,70.99459075927734,1,-1,-1,-1
100,116,9.384537110924192,95.77319946289063,53.44883349299536,53.130120849609376,1,-1,-1,-1
