2,1,91.8382009700259,46.90381164550781,113.34992862635447,120.42891235351563,1,-1,-1,-1
2,2,196.34717512550026,32.265439605712885,58.04141024704634,63.971395874023436,1,-1,-1,-1
2,3,73.98788706145743,31.724864196777343,58.541474412241406,58.20242919921875,1,-1,-1,-1
2,4,178.7328956943161,135.20853271484376,58.431919793008376,58.37908935546875,1,-1,-1,-1
2,5,108.40830844562014,84.15418853759766,152.40289909997065,104.14356536865235,1,-1,-1,-1
3,4,181.618169189176,122.84989403360515,58.99985213185604,58.94596287715281,1,-1,-1,-1
3,5,102.28470574323049,71.00724201536477,150.10215814447662,102.59348451007496,1,-1,-1,-1
4,4,184.15866271412727,108.39724059930822,59.23371944149133,59.181582259439715,1,-1,-1,-1
4,5,69.99868070924178,64.86476902845615,214.3522258690152,148.45383669472375,1,-1,-1,-1
4,6,36.68950485561004,27.197620010375978,57.88341780953186,57.6734130859375,1,-1,-1,-1
4,7,113.17157557554737,18.918677139282224,63.73880075320214,61.77903747558594,1,-1,-1,-1
4,8,194.40661191644665,75.3604965209961,57.886910444450436,64.51857299804688,1,-1,-1,-1
5,4,188.75772574172663,95.9121488867068,58.31971403146488,58.281931364970276,1,-1,-1,-1
5,1,87.18003866512512,84.75313716600894,151.6566863382347,162.19693677253196,1,-1,-1,-1
6,4,192.01419079066,81.23780360773003,58.22528964041683,58.183866242177764,1,-1,-1,-1
6,12,116.1458963036838,9.257782363891607,79.5213116406793,79.84341735839843,1,-1,-1,-1
6,13,0.8187988427147843,23.060262298583982,58.12529980602552,57.9825080871582,1,-1,-1,-1
6,2,156.80405737288555,12.152866643406792,55.38480265716676,60.67559319682537,1,-1,-1,-1
7,4,195.0555427034037,68.15131258568245,57.547070279761336,57.505522381506005,1,-1,-1,-1
7,13,-8.505360286452927,22.746604952000997,56.732604610182825,57.04802990830344,1,-1,-1,-1
7,14,19.391277796018024,35.62004089355469,124.79556483032722,160.3032684326172,1,-1,-1,-1
7,15,52.195020345657326,79.60939941406251,128.85172566610723,166.456396484375,1,-1,-1,-1
7,16,190.06132695322194,141.56975555419922,57.197609765431125,62.917762756347656,1,-1,-1,-1
8,4,197.66789514587128,54.573410106909435,57.35283069917324,57.33576870182375,1,-1,-1,-1
8,13,-3.5473325590387397,20.025243535217562,54.73983134791221,55.12340277975001,1,-1,-1,-1
8,15,26.290950044234265,66.02781649481646,128.47700875540588,165.9770361039589,1,-1,-1,-1
8,18,182.88632965559572,2.627540969848635,61.60327452669917,62.318902587890626,1,-1,-1,-1
9,4,196.83307235844583,42.35006679604465,57.32571533069013,57.31328425581661,1,-1,-1,-1
9,15,9.317384360299535,60.9151889477516,127.46889013455551,164.69491823217737,1,-1,-1,-1
9,18,195.79597240123385,0.6201819435150924,59.37416612623762,60.22358300507075,1,-1,-1,-1
9,19,184.4190489251302,185.17575378417968,56.421808155598974,62.067840576171875,1,-1,-1,-1
9,6,14.391063680800414,17.725602406293255,58.38967149389924,58.187444340409414,1,-1,-1,-1
10,4,192.35921722207237,24.212245630973758,59.29962194355778,59.26945673817806,1,-1,-1,-1
10,15,21.90082698519379,50.396549330930696,128.36118875967043,165.8640661331293,1,-1,-1,-1
10,20,42.115991323737006,11.547676086425781,154.57482582420567,100.6808349609375,1,-1,-1,-1
11,4,187.92923835587885,12.389131200121078,60.353923712785246,60.32880061809708,1,-1,-1,-1
11,21,48.22737606643817,13.071382904052733,58.43477881194789,58.35603256225586,1,-1,-1,-1
11,5,57.75387884046633,36.238807414462144,156.55141318961464,108.05644978719295,1,-1,-1,-1
11,14,69.78506176960114,66.20883034305575,118.94698282101959,151.81335204673644,1,-1,-1,-1
11,19,176.19510609732356,188.53195976771974,57.71833249557838,63.48588866100041,1,-1,-1,-1
12,4,187.396624184278,1.509089384978001,58.201984862140954,58.168767925010904,1,-1,-1,-1
12,5,68.35345411582611,46.038108745848696,154.31204059330997,106.81452309422225,1,-1,-1,-1
12,12,148.74332161611278,11.960021771215168,62.957051007134424,63.27085210132357,1,-1,-1,-1
12,16,173.86592506439897,165.55280791575873,59.250514358713914,65.31392028880525,1,-1,-1,-1
13,4,187.93830941950606,-3.544555236113144,51.41334654684971,50.49018395914878,1,-1,-1,-1
13,5,88.08741538176585,60.51275651553658,145.4973885682005,100.69010770414846,1,-1,-1,-1
13,24,85.47386054143976,10.278937530517577,57.89143907337046,57.73761978149414,1,-1,-1,-1
14,5,74.18818135945375,20.176042811702118,194.58303639467488,139.87178470105863,1,-1,-1,-1
14,25,114.53843592823173,11.322887039184572,61.10147287009902,61.76548767089844,1,-1,-1,-1
14,26,169.0058081081368,125.87203369140626,58.24355346146079,64.51343383789063,1,-1,-1,-1
15,25,102.98487229984815,19.660358083391145,61.89517709640707,62.51549732128342,1,-1,-1,-1
15,27,177.7501299985173,12.177525329589841,58.06392457327786,57.55527572631836,1,-1,-1,-1
15,20,85.6386399570783,96.52837241874579,155.34864835343515,101.33714250518794,1,-1,-1,-1
15,14,127.06357828607162,16.822305290689528,117.20238707083492,150.80898262947508,1,-1,-1,-1
16,25,88.16607549476788,25.160608991803397,60.72764494134786,61.29924649322016,1,-1,-1,-1
16,27,174.25834856141546,24.85872505392715,58.48393939970255,57.979474058939665,1,-1,-1,-1
16,29,134.8715906055524,19.82541999816895,64.23131219709832,63.5180908203125,1,-1,-1,-1
16,30,158.94548814447342,82.10289611816405,62.7774319141782,64.54926147460938,1,-1,-1,-1
16,20,73.03873382276755,112.5515888399849,155.5279648673759,101.45518945774108,1,-1,-1,-1
16,14,126.07238203980498,17.36193988861639,113.81248051241731,144.1725114460168,1,-1,-1,-1
16,12,148.4196194397927,3.7241860281404833,57.85118000892831,58.048474534826944,1,-1,-1,-1
17,25,72.16169994632068,28.031108093062937,61.371571088880835,61.961474961548184,1,-1,-1,-1
17,27,170.17996164090124,39.401673570095404,59.04489692219754,58.56978028502566,1,-1,-1,-1
17,20,55.39860317305293,129.56050806830376,153.1743135403502,99.74571427776952,1,-1,-1,-1
17,12,161.79046747332788,2.2861538645721993,58.23344480792863,58.31676863201491,1,-1,-1,-1
17,15,90.12539897818418,50.21138085619911,115.39478694433686,145.9861156250399,1,-1,-1,-1
18,25,54.51464785490647,32.68544378732214,61.24376143610752,61.79301522165821,1,-1,-1,-1
18,27,159.32128863979625,42.2140511048225,62.418229597612495,62.06388695266367,1,-1,-1,-1
18,20,33.33275693198249,146.23143814522442,152.03743864688545,99.04450870916385,1,-1,-1,-1
18,15,82.99173678355652,38.887466725585355,123.41220673287624,155.8692293044557,1,-1,-1,-1
19,25,36.75364753905723,37.76518847728846,61.07219166368962,61.60087066041868,1,-1,-1,-1
19,20,23.334561257116178,155.96258486505047,148.97645931598964,97.22787096898432,1,-1,-1,-1
19,15,60.71048493925099,37.59651032091533,124.49913915240322,156.99435352891072,1,-1,-1,-1
19,33,198.17522683491023,0.05789413452148651,56.40276288291392,55.94182434082031,1,-1,-1,-1
20,25,17.298851745954494,41.80220183360798,61.465960713338234,61.902319414619704,1,-1,-1,-1
20,15,44.02937078115506,54.47833316332414,122.41100804603535,153.60421141074758,1,-1,-1,-1
20,33,189.79056190242716,0.012989153777795082,54.430640453882226,53.9084168862905,1,-1,-1,-1
20,12,152.41640422272494,-0.37752462684183996,56.70033222699193,56.801695647451744,1,-1,-1,-1
20,27,159.50964071173826,76.71146670213105,59.12243335235717,58.80651169365769,1,-1,-1,-1
21,25,0.9183714451199911,46.99851056211958,60.88620194576963,61.28830122854814,1,-1,-1,-1
21,36,10.77419476488896,124.02311096191407,156.15143346826898,102.26448974609374,1,-1,-1,-1
21,27,158.58239047574685,91.6593352072677,58.26431846824988,57.95170089483867,1,-1,-1,-1
21,29,166.48530151544006,1.603546764714718,51.539236111462706,50.47567963905642,1,-1,-1,-1
22,36,16.911604420740602,108.34103118161518,170.31050803523763,111.86616777911811,1,-1,-1,-1
22,27,155.94713526822443,105.05442220565357,57.98023771754439,57.64702466714692,1,-1,-1,-1
22,37,12.474315890929653,44.66672973632812,112.83252666540632,154.40488891601564,1,-1,-1,-1
22,30,142.33904792378368,37.14267773345217,60.356918754867664,62.2212904484626,1,-1,-1,-1
22,12,151.14319652053314,-0.5466308751445013,51.602045422754024,50.758269416627854,1,-1,-1,-1
23,36,34.55015405500994,99.12145466240446,174.0160535206095,114.70908732778788,1,-1,-1,-1
23,27,152.5926556355679,117.90401181674447,59.11895573586848,58.87959924340654,1,-1,-1,-1
23,39,29.35833058545454,53.75159759521485,62.64170293431553,61.36497497558594,1,-1,-1,-1
24,36,58.806488689744654,86.37677872183373,161.4360736315563,106.65315967795001,1,-1,-1,-1
24,27,150.05398569915272,131.82481016215644,58.11326562323881,57.82571336247834,1,-1,-1,-1
24,40,111.915513597591,0.9134353637695298,59.56625674036486,52.83378372192383,1,-1,-1,-1
24,41,139.41944565395735,75.93468475341797,58.41547880927277,65.66962585449218,1,-1,-1,-1
24,42,78.88963431921513,118.88091735839843,119.70572434252678,129.2798095703125,1,-1,-1,-1
25,36,90.67431788136138,67.26867383255053,154.3666745719461,102.0086491703758,1,-1,-1,-1
25,27,147.5392710858761,145.92960611430465,57.672453390913915,57.41852589425077,1,-1,-1,-1
25,42,89.14225279436465,96.88706961694423,137.98859529831935,149.38179971792195,1,-1,-1,-1
25,43,64.57852242537788,61.46126708984376,60.78950971467394,61.504556274414064,1,-1,-1,-1
25,44,95.0743384885601,101.40475769042968,62.12938088420792,64.69263916015625,1,-1,-1,-1
26,36,108.37552770654369,59.31897898330074,143.09994662400248,94.31689076945631,1,-1,-1,-1
26,27,144.6639440358028,159.29039015447236,57.77321419133089,57.53531161212964,1,-1,-1,-1
26,45,74.29560178798374,0.0,58.9191434088958,56.5460708618164,1,-1,-1,-1
26,46,124.74300896225796,94.86896209716797,58.86576582792547,62.317369079589845,1,-1,-1,-1
26,37,116.92625150983665,79.13141592126327,114.26150823504094,155.11710916902396,1,-1,-1,-1
27,36,89.87054757215553,43.72106287273186,186.4021863441162,125.42314442743589,1,-1,-1,-1
27,47,100.49238786891453,61.52966918945312,60.93860377877252,60.797323608398436,1,-1,-1,-1
27,48,132.6827666966357,146.91736755371093,60.04054570829112,62.55116577148438,1,-1,-1,-1
27,37,146.33702036316873,85.89308662301511,109.10170907399872,148.05636785149375,1,-1,-1,-1
28,49,36.33564320873601,2.4883110046386747,58.137679646981084,57.8263671875,1,-1,-1,-1
28,50,83.4712437174511,33.80673522949219,129.35926579996107,90.41439819335938,1,-1,-1,-1
28,41,121.71607708081967,72.19212348468784,56.49661300096728,63.09306013348444,1,-1,-1,-1
28,42,115.99215762414232,70.02165356568044,135.39928421767263,147.18741996359418,1,-1,-1,-1
28,27,130.35778685718904,177.1193918404513,62.83472089858751,62.87524781812338,1,-1,-1,-1
29,42,95.47708147620786,44.620902619054974,144.2107409236771,158.0600147311248,1,-1,-1,-1
29,27,130.16160396851626,193.69983727838283,60.76912406534564,60.81244133448572,1,-1,-1,-1
30,42,76.20668448373615,31.602779416487962,147.0232847424345,162.55474134916955,1,-1,-1,-1
30,27,133.5573437858729,207.43137509595368,51.54270867132223,50.38584947672535,1,-1,-1,-1
30,51,0.831407688183031,6.3274700164794915,58.29331331626089,58.06023254394531,1,-1,-1,-1
30,52,57.45050468361531,21.630627059936522,67.03317337202719,66.00301971435547,1,-1,-1,-1
30,53,146.96935227632832,80.4167236328125,63.45687039851522,62.528927612304685,1,-1,-1,-1
31,42,53.30373387823066,21.220835495245623,146.37546235674478,162.95738958287808,1,-1,-1,-1
31,51,-8.514293717544849,9.647677242297995,56.53254135747657,56.7610892115747,1,-1,-1,-1
31,48,120.88370902862566,190.52656015159332,58.29487771954737,60.68605231404636,1,-1,-1,-1
32,42,35.80925867595555,18.37105886187389,145.87848189024618,163.1968515537342,1,-1,-1,-1
32,46,186.94191632530183,88.87411352928767,58.792487959542996,62.02706374228233,1,-1,-1,-1
32,49,-1.056259405479338,11.418035164239303,57.959492387313944,57.916640346763266,1,-1,-1,-1
33,42,38.57587788301737,34.41607291015838,137.2501157239582,152.88368532307456,1,-1,-1,-1
33,57,124.03940744891467,172.41812133789062,56.00376566857691,58.5871826171875,1,-1,-1,-1
33,46,199.12328011984548,92.39499856597949,57.74547941701462,61.470737591965026,1,-1,-1,-1
33,45,12.374580127356229,12.567036365989164,61.09583522445829,58.78852141125868,1,-1,-1,-1
33,50,1.2904263883481093,35.30119077427838,150.99439738001004,105.90623492008939,1,-1,-1,-1
34,42,45.93364375838358,46.097800369215946,111.51155324685126,117.26717580653545,1,-1,-1,-1
34,57,121.87451285469257,161.97367875520015,55.353605066994064,57.85220535572505,1,-1,-1,-1
34,50,-24.790276254980952,11.68637986536524,183.6262440914069,133.05519670998308,1,-1,-1,-1
34,47,104.9207670083584,122.90822879666179,64.01050281752597,64.3145372762975,1,-1,-1,-1
34,53,185.8499923757298,96.98063511633883,61.711778492946706,60.86358417663906,1,-1,-1,-1
35,42,23.23494161316313,10.538998996262563,137.52575645339402,147.35810510658646,1,-1,-1,-1
35,57,118.32979996321485,147.9612223675327,55.51225105139802,57.946566311758616,1,-1,-1,-1
35,59,48.26302831341786,17.297851562500004,58.24315800329123,58.34948577880859,1,-1,-1,-1
35,41,106.85771896642082,109.24511278424616,54.64721111726001,60.32367763478541,1,-1,-1,-1
36,57,114.64999506612702,132.87716831957658,56.28561576407979,58.674798479167016,1,-1,-1,-1
36,61,144.12064474320226,103.04441833496094,67.66434405851734,66.15875244140625,1,-1,-1,-1
36,52,98.92198725687477,78.61712829359358,63.67073112334217,63.078009752178474,1,-1,-1,-1
37,57,112.88137883901872,120.32008951205897,54.42213355029619,56.626312906276745,1,-1,-1,-1
37,61,133.43937234931417,113.56591980678996,66.68361100581292,65.2566027449048,1,-1,-1,-1
37,63,84.82925278534098,21.287232971191408,58.093533003536784,57.91067962646484,1,-1,-1,-1
38,57,109.33960550529441,107.73317674695522,54.91419609662582,56.98472096955157,1,-1,-1,-1
38,61,128.10556083535502,123.88489518946629,61.71440912349271,60.42702704341563,1,-1,-1,-1
38,64,95.01001983926075,40.259423065185544,58.54590728192773,63.75068664550781,1,-1,-1,-1
39,57,104.67599835071577,96.50239499754288,58.09033837129234,60.15205132702528,1,-1,-1,-1
39,65,123.41766032155975,25.05576286315918,57.23962289936096,58.3344009399414,1,-1,-1,-1
40,57,102.2100793272995,82.10205395373947,57.43680989370199,59.34834043074051,1,-1,-1,-1
40,60,66.09494225593387,92.47722344802567,220.58416259021018,140.02382088731028,1,-1,-1,-1
40,66,93.73879518904666,2.9144874572753885,51.46465968294186,57.10541000366211,1,-1,-1,-1
40,68,86.07018093194097,120.02794647216797,69.681417005747,64.71263580322267,1,-1,-1,-1
40,69,68.11485685915972,148.74133911132813,139.6991437035556,94.43592529296875,1,-1,-1,-1
41,66,89.11167833705346,11.737222789117837,55.503392696762134,61.55827294780448,1,-1,-1,-1
41,68,69.39265276876897,124.93200989196781,66.74922312880116,62.08656378038423,1,-1,-1,-1
41,69,55.87110776205947,148.45332767024422,146.7402326187509,98.95795856564251,1,-1,-1,-1
41,70,162.0957926110603,29.198553466796874,58.09413865483254,57.937680053710935,1,-1,-1,-1
41,63,98.4791566399789,65.89258125281843,57.85835741437627,57.67206863765515,1,-1,-1,-1
42,68,51.280378929052304,129.7051146079811,65.22996502948743,60.82185061380434,1,-1,-1,-1
42,69,36.04221689738634,145.10598773558533,148.76906023507993,100.37984354597843,1,-1,-1,-1
42,64,86.94481647073387,39.858020132870976,58.74071014838514,63.8859558325313,1,-1,-1,-1
43,68,32.56713704196917,135.02914244193207,65.12043754182169,60.89854359784531,1,-1,-1,-1
43,69,31.815590432606783,127.08532434835024,178.11752849964975,121.9811875011439,1,-1,-1,-1
43,72,197.4157984334522,33.277072525024415,57.79842022293937,57.79835052490235,1,-1,-1,-1
43,64,80.67966282020942,52.16690892430398,59.82015592876859,65.11846762354153,1,-1,-1,-1
43,65,94.16910492072083,40.816404685876435,56.91769574844463,57.950304856404934,1,-1,-1,-1
44,68,14.095470136329247,137.30978138976218,67.44361913965466,63.10340906399772,1,-1,-1,-1
44,73,21.433651580692633,100.99944610595703,123.74297821068505,108.867578125,1,-1,-1,-1
44,57,90.75905125439323,28.849678730842317,56.240451447231564,57.88258410864258,1,-1,-1,-1
44,70,183.87429756367257,34.49321060451925,57.729287427261895,57.56957946588302,1,-1,-1,-1
45,68,-3.904893222081732,140.2503172458884,67.81603599480846,63.94766893948859,1,-1,-1,-1
45,73,12.442959348425092,94.29587405179882,126.31153775875123,110.76515345470249,1,-1,-1,-1
45,57,87.70353957377063,14.917191814932075,56.84830659969848,58.33587285958511,1,-1,-1,-1
45,61,63.62229725859525,104.57453928833678,63.80153839561027,62.767909782206296,1,-1,-1,-1
46,73,26.307953847172115,78.46992729128374,137.14785203129588,120.08993631888104,1,-1,-1,-1
46,57,84.48955160672124,2.5794516428924084,56.71005645919373,58.03003608321357,1,-1,-1,-1
46,75,149.96760682284324,38.877819824218754,58.925296608219746,58.51864929199219,1,-1,-1,-1
47,57,84.54413074737016,-2.6224865093192946,50.463693270488065,50.34016174057169,1,-1,-1,-1
47,76,65.2233134491109,139.66711730957033,62.77341094357507,65.53746337890625,1,-1,-1,-1
47,77,27.051893060256965,142.09119567871093,69.91108433236693,67.69847412109375,1,-1,-1,-1
47,66,130.32277463039793,41.049242835118136,52.775264240946434,58.056343250307265,1,-1,-1,-1
47,69,43.09791195081557,76.85607607406534,153.96716907786313,105.1624188129995,1,-1,-1,-1
48,69,65.45154274765181,59.94886242548425,149.31026507619373,101.84564519731657,1,-1,-1,-1
49,69,81.63834029558441,42.64642898335492,148.82574441183732,101.37440165903357,1,-1,-1,-1
49,78,75.38583696056273,11.752340316772457,58.88236660621828,58.37477264404297,1,-1,-1,-1
49,81,61.25386891565614,183.6480529785156,59.27874822215452,63.695794677734376,1,-1,-1,-1
49,65,91.19741772406431,46.36474943363561,58.537863311681356,59.534841343967116,1,-1,-1,-1
49,76,67.21668763104168,155.27968287581893,60.04526303312702,62.626656774902195,1,-1,-1,-1
50,69,98.68166073866256,30.99700105300544,146.54164693366366,99.89933965219201,1,-1,-1,-1
50,78,72.87160198898766,24.081436985643695,58.80782123260806,58.31238473149306,1,-1,-1,-1
50,76,81.34377772709152,160.88793626657844,59.53478616575677,62.06509327528068,1,-1,-1,-1
51,69,95.08283370486971,13.075628284083486,151.67381145237627,102.81633542166996,1,-1,-1,-1
51,76,98.55860330028375,167.15948346973542,58.34989877127532,60.71340565394662,1,-1,-1,-1
51,81,57.36738164622445,189.59305360303574,57.397072211111535,61.65688639983252,1,-1,-1,-1
52,69,75.28584786844443,0.5912797661603193,148.78367006971988,100.40917403709416,1,-1,-1,-1
52,76,116.23459250521542,170.6423594559577,59.10431951512149,61.39639795590047,1,-1,-1,-1
52,84,37.854492624841114,49.379504394531246,57.99437778742717,57.955517578125,1,-1,-1,-1
52,85,125.78999235156287,6.904685974121094,122.90661502831958,163.85263061523438,1,-1,-1,-1
52,73,87.5446232079245,17.05134006205683,75.24437618728142,66.49721487143461,1,-1,-1,-1
52,77,49.45422967259764,167.25216688479708,65.45604502792649,63.846627687686606,1,-1,-1,-1
52,65,69.64255121181142,54.48391736521633,56.71370426799375,57.54973235278476,1,-1,-1,-1
53,76,133.58469167687335,174.55585883192856,58.74259878283749,60.90551035750348,1,-1,-1,-1
53,85,119.83616071804443,36.873039367170364,104.26822838584161,138.49032384301904,1,-1,-1,-1
53,65,64.2687217543218,63.17040955400992,57.104047432505915,57.8437108626923,1,-1,-1,-1
54,76,151.36337109357214,178.0921619284844,58.95693305806881,61.01321847647798,1,-1,-1,-1
54,85,96.20673534730446,54.378988727143664,112.57696831396301,149.40488580122613,1,-1,-1,-1
54,86,48.92007792415809,22.110488891601562,138.64965738410567,132.1235595703125,1,-1,-1,-1
54,87,1.545467130189806,54.406192016601565,58.027642552364526,57.74470520019531,1,-1,-1,-1
54,88,48.49486076604289,128.23919067382812,56.56676040150797,63.51661376953125,1,-1,-1,-1
54,78,60.34132155290594,76.63836709022122,60.04833483941573,59.60827185384114,1,-1,-1,-1
55,76,168.4849090086211,182.9198789273671,58.36772857945706,60.251765552493325,1,-1,-1,-1
55,85,84.76072151166065,75.42879678250944,111.57119891922808,146.73321314602487,1,-1,-1,-1
55,86,29.818442129445657,36.142596587159005,145.54339784626143,138.8988481267936,1,-1,-1,-1
55,78,51.48461068213291,92.81251738287973,62.210746744358914,61.96736781163168,1,-1,-1,-1
56,76,186.1758330572306,186.41664783942036,58.958301834280306,60.77146196642361,1,-1,-1,-1
56,85,51.744209297720246,76.46386190642869,108.94296590022421,143.13027407205885,1,-1,-1,-1
56,86,22.02980009193663,50.84203587679582,112.113440967344,105.5568910170037,1,-1,-1,-1
56,78,51.5654391892281,106.04592280143069,59.545547498827,59.33951486188351,1,-1,-1,-1
56,90,41.96716116078357,75.47440872192382,66.07611926778834,67.2845245361328,1,-1,-1,-1
56,84,14.040268412850146,45.59174971760096,75.21951181435138,74.72654514181417,1,-1,-1,-1
56,87,-1.9644290251387275,58.468864875355294,58.405015717480495,58.342182271110254,1,-1,-1,-1
57,76,199.22226925364495,190.2750956747965,59.00605281645137,61.5325201914392,1,-1,-1,-1
57,85,25.69981248259804,94.15996032156328,108.84598834331867,143.1005192524435,1,-1,-1,-1
57,86,21.244515868637265,65.71687662047782,109.88586170361074,102.31182215168391,1,-1,-1,-1
57,78,49.810873880099635,118.8372750628411,59.507021710294765,59.34617378945066,1,-1,-1,-1
57,90,40.43591779566292,86.66724248768443,65.27241898191838,66.46889741149518,1,-1,-1,-1
57,87,4.73451493089479,59.82565800134199,59.73327959858,59.74558088451854,1,-1,-1,-1
57,65,34.74075543669372,61.10108936900912,60.4326564344745,61.61660366270791,1,-1,-1,-1
58,78,49.09032308477492,131.43735047679868,58.27913747513603,58.08649564944507,1,-1,-1,-1
58,65,29.744951631375276,70.72961543112649,61.87871008368017,62.78774789392161,1,-1,-1,-1
58,84,25.771971654507297,45.899746369888305,65.97482967024686,65.76437017377745,1,-1,-1,-1
59,78,44.79602764394238,144.86062107239394,58.71370895378942,58.520836968762964,1,-1,-1,-1
59,92,41.93409598090295,96.55076599121092,147.9417994932722,105.60260620117188,1,-1,-1,-1
59,93,171.62833928003027,190.57683105468752,62.84887563915822,61.165167236328124,1,-1,-1,-1
59,94,87.66998111728554,133.15379638671874,82.2772206877922,112.356591796875,1,-1,-1,-1
60,78,41.669762850660874,157.9681356591026,58.473055209024146,58.32504073175719,1,-1,-1,-1
60,92,59.86637380067798,112.14303880071714,148.02665783509067,105.4971157258751,1,-1,-1,-1
60,95,32.55850691444011,2.8254760742187486,52.08350725876626,57.500831604003906,1,-1,-1,-1
60,96,66.90353884722947,66.65008544921875,58.552968692259796,58.6060791015625,1,-1,-1,-1
61,78,39.038697369448016,171.0449317763691,58.18922521920663,58.021848384057954,1,-1,-1,-1
61,92,92.08335077824195,124.77558861267792,144.28503457985934,102.81025183285901,1,-1,-1,-1
61,95,28.438497388209317,12.414997513781714,55.70318614444698,61.48131273475174,1,-1,-1,-1
61,97,137.31975768917002,178.8201934814453,64.95890991462868,63.662872314453125,1,-1,-1,-1
62,78,36.12524685596356,183.68152247319642,58.13033808463625,57.964619500248,1,-1,-1,-1
62,92,118.98738861361605,141.521377569614,137.61339216934743,97.84679769596242,1,-1,-1,-1
62,95,24.652429944924386,32.03062902356821,56.767599407842425,62.64910280970795,1,-1,-1,-1
62,98,104.83967840521962,71.36049041748046,58.33058276475605,57.966390991210936,1,-1,-1,-1
62,94,116.36198405283463,73.9049184095867,110.2161949998668,149.52760878106696,1,-1,-1,-1
63,78,33.02998949224086,196.80086169288154,57.78407648307352,57.56375885579442,1,-1,-1,-1
63,95,20.559213080837903,53.64303562080856,58.397377372058706,64.4858766913602,1,-1,-1,-1
63,99,104.73507898297977,175.18685302734374,61.454567375837335,61.51076049804688,1,-1,-1,-1
63,94,133.79349878138268,72.21880418056494,108.9769491063625,146.19171903306784,1,-1,-1,-1
64,78,33.9012264123796,209.07930065521973,50.62537611227659,49.37001312070645,1,-1,-1,-1
64,95,17.108045038048633,76.08434276638795,59.086508446136115,65.26248131033145,1,-1,-1,-1
64,94,127.43363438445968,53.62293659133397,114.79782360240097,153.0500463559527,1,-1,-1,-1
64,100,144.36317954247338,75.24733428955078,57.31776933302199,57.72316131591797,1,-1,-1,-1
64,101,68.02728274957889,151.36624145507812,152.17093193736565,96.3264892578125,1,-1,-1,-1
64,90,79.54333498768526,168.5366169638158,65.77786133846087,66.95261720341749,1,-1,-1,-1
65,95,14.555257395887622,98.96359865285766,58.10290515914002,64.1106257722635,1,-1,-1,-1
65,94,108.75449294655681,39.99901102907927,119.94832988617173,158.5838083956143,1,-1,-1,-1
65,101,45.13049978670911,132.21176587854035,169.287216471336,107.34807252368881,1,-1,-1,-1
66,95,12.411171788308867,122.4442786729132,57.67085202901932,63.66158641083721,1,-1,-1,-1
66,101,25.65107082911453,117.30199276803155,163.36507190722986,103.79976655199792,1,-1,-1,-1
66,102,181.09898179642636,79.32024993896485,57.92845852628788,57.50565032958984,1,-1,-1,-1
66,103,49.181614388892754,158.44045715332032,65.26883604155043,65.29051513671875,1,-1,-1,-1
66,104,23.317433798742456,186.28624572753904,59.77593257341353,58.728204345703126,1,-1,-1,-1
67,95,8.323229294355375,144.11053766362585,60.67232151275457,66.90635000248577,1,-1,-1,-1
67,101,0.9741949776924912,102.41896789781286,161.1420794420625,102.7150066337729,1,-1,-1,-1
67,103,35.68935751402892,152.62075156172273,65.34616896804671,65.42051044220831,1,-1,-1,-1
67,104,20.411857243835428,174.17956450264072,59.55502630161914,58.539021743432286,1,-1,-1,-1
67,105,32.96871707991211,38.20743255615234,150.2143572220117,147.7863525390625,1,-1,-1,-1
68,95,5.35027942887308,165.09645936498123,60.575467326200396,66.85433015852965,1,-1,-1,-1
68,101,-9.989523273175507,85.82519392725686,154.46696463205845,98.93877437380775,1,-1,-1,-1
68,104,17.064219367234887,153.75589307926177,62.183288707669824,61.18780902168508,1,-1,-1,-1
68,105,13.347325341765512,18.649407620326713,154.88632637342735,152.9206056334212,1,-1,-1,-1
68,102,184.5252393686224,82.46765841844014,58.06431666022188,57.645236722585764,1,-1,-1,-1
69,95,2.1564487207958507,188.61529960232062,57.86627967830926,63.78721153513165,1,-1,-1,-1
69,104,12.518888821913443,143.57735228516756,61.35728371819168,60.42326316974054,1,-1,-1,-1
69,105,3.2556555728246366,20.35860866619791,148.03908969213367,146.34613322730684,1,-1,-1,-1
69,107,-0.3309778600176614,3.05426025390625,103.08420608624625,113.05952453613281,1,-1,-1,-1
69,98,165.2417464791361,84.93204898312483,58.203016302466075,57.8471713897657,1,-1,-1,-1
70,95,5.27180405181868,209.85229829460818,46.99241454849533,50.11072412512361,1,-1,-1,-1
70,104,10.213024037034984,132.2496043559207,61.98867841846925,61.10429250398113,1,-1,-1,-1
70,105,25.247338427644934,27.054359656997207,133.88850522166376,131.75987099293258,1,-1,-1,-1
70,107,1.8679776203450231,3.2777209990064904,103.57973582403412,113.78936433662389,1,-1,-1,-1
70,100,147.15530418985864,86.13865671685309,57.494677313778716,57.86397721203558,1,-1,-1,-1
71,104,7.970740906651468,119.41208147733437,60.77806632728157,59.955673742411804,1,-1,-1,-1
71,105,39.92127460578551,35.96099363645244,130.87154381572515,127.96225020601389,1,-1,-1,-1
71,108,2.2671128419711586,185.49069213867188,56.24932763026667,65.8278564453125,1,-1,-1,-1
71,103,30.278691584621328,140.4018812190892,64.01268971944643,63.97033049799752,1,-1,-1,-1
72,104,5.377893178904376,106.54817979209855,59.37272061850603,58.61888377254491,1,-1,-1,-1
72,105,55.74858759758135,36.23044707507975,138.46430854825076,135.66503222059688,1,-1,-1,-1
72,108,6.020257219089171,171.66805044544083,54.82762016110815,64.0910230173666,1,-1,-1,-1
72,110,112.96007734151783,91.42556915283204,57.81763370807761,57.68745574951172,1,-1,-1,-1
73,104,2.5844089914984067,93.80182059035064,58.65767163155337,57.96083791799951,1,-1,-1,-1
73,105,80.25590936673655,28.9535284545085,144.30438551240616,141.91611177322727,1,-1,-1,-1
73,112,65.10716742067706,135.1677490234375,61.19339755000331,62.070281982421875,1,-1,-1,-1
73,103,9.202969655767905,143.59411626670726,63.69886671736159,64.10022851598212,1,-1,-1,-1
74,104,0.24161166580027427,80.20486504191558,58.19838411630685,57.574602340511454,1,-1,-1,-1
74,105,83.16163145284784,23.643321812049336,142.0461467168663,138.71818376478606,1,-1,-1,-1
74,112,79.17868864064161,129.77859126572497,61.78389694752645,62.62998633839425,1,-1,-1,-1
74,113,74.63773431104917,95.027099609375,58.49419690524543,57.92275390625,1,-1,-1,-1
74,114,99.37583712264541,1.0100036621093764,152.47973444611546,97.65258026123047,1,-1,-1,-1
74,103,7.786117723645415,129.7680248973275,62.755270835089725,63.570771742008596,1,-1,-1,-1
75,104,-1.4777245277949973,67.29062001682365,57.72405381337502,57.276465833445215,1,-1,-1,-1
75,112,98.4416873791001,126.27007359738546,61.27252119866989,62.12277729545699,1,-1,-1,-1
75,114,78.88146257127815,10.98006532511198,163.44276473212676,104.70126735791908,1,-1,-1,-1
75,115,136.08419080941803,62.185183715820315,118.14957492413274,155.055517578125,1,-1,-1,-1
76,104,-3.0070175470494505,54.18183349892318,57.72459494993948,57.78354880429189,1,-1,-1,-1
76,112,115.96844652840605,120.83344853066106,61.060058113441464,61.864457659604405,1,-1,-1,-1
76,114,51.16714966153506,25.507702857030033,170.73261974635574,109.51184419881072,1,-1,-1,-1
76,115,123.09590230071169,71.53379770340429,119.04687342077746,155.92292793379735,1,-1,-1,-1
76,117,18.12007505385543,57.7437255859375,149.96510807100006,98.33003845214844,1,-1,-1,-1
76,118,36.927746402017405,98.94468536376954,56.555020501629265,56.568382263183594,1,-1,-1,-1
76,119,16.66438105466614,84.44054260253907,59.293075506634516,64.41361083984376,1,-1,-1,-1
76,110,100.25971205751999,69.28434950414261,61.250689347555486,61.07000151096103,1,-1,-1,-1
77,104,-3.897321055541905,40.68953367027207,56.13437466286628,56.768944035339054,1,-1,-1,-1
77,112,133.43900523106151,118.19009223509681,60.48444886523205,61.24345587204123,1,-1,-1,-1
77,115,102.68023436727674,82.05554367214958,125.03180466683408,163.9206852704803,1,-1,-1,-1
77,117,31.71615777859472,46.12854390297915,155.95683179591057,102.17752301059208,1,-1,-1,-1
77,119,16.541011372200085,96.56139286026524,55.44527888875039,60.14221770431258,1,-1,-1,-1
78,104,-3.701165464211833,27.691465357437785,57.94291072134246,59.091461916663945,1,-1,-1,-1
78,112,151.8265054169114,113.95204391514719,60.49135199976829,61.24273228764305,1,-1,-1,-1
78,115,74.14864026094563,83.77446957335272,127.758607761941,167.4775915909496,1,-1,-1,-1
78,117,24.29024866847297,53.464580542702876,159.83958817807854,104.63774503839079,1,-1,-1,-1
78,119,2.98473103856632,102.19101407344465,54.930889366052476,59.66760005242624,1,-1,-1,-1
78,120,22.58413315819019,41.12757873535156,58.517595652613764,64.43729248046876,1,-1,-1,-1
79,104,-2.817861404270655,14.538383722438052,57.92481033913282,59.47391603873307,1,-1,-1,-1
79,112,169.23673496776885,110.40854071781433,60.54899122994066,61.269257095115236,1,-1,-1,-1
79,115,52.935983760344584,82.84200144355164,129.5658788630482,169.79077730694323,1,-1,-1,-1
79,117,8.803092926144586,64.04439200772629,162.0715802519832,106.28179789864406,1,-1,-1,-1
79,119,-5.98163930269299,105.27915948531603,49.98694357571214,54.93376922349915,1,-1,-1,-1
80,104,-0.9299111998861527,1.6615049118972465,55.90368360575625,57.26455920348267,1,-1,-1,-1
80,112,186.03930186697448,105.43747656010613,61.011295577966685,61.70097257488717,1,-1,-1,-1
80,115,41.275739566488255,95.27218274026939,115.37320813471925,150.50407459874646,1,-1,-1,-1
80,121,28.962091643796768,4.674230194091795,52.70339163306076,59.224081420898436,1,-1,-1,-1
80,114,-2.9837590136099976,81.2415232235177,154.4342721877243,99.31229334602078,1,-1,-1,-1
80,118,0.11588254024564293,105.50373499855561,56.22878494372634,56.438373806556385,1,-1,-1,-1
81,104,4.760346144936111,-3.6117832396144074,50.588267203196615,50.753089513702164,1,-1,-1,-1
81,112,199.9946599845567,102.06387935535818,59.943860687258834,61.32853025335301,1,-1,-1,-1
81,121,32.807806099860784,13.416677014641415,55.357265241572414,62.164364408403785,1,-1,-1,-1
81,113,15.199707478523855,108.48583236539282,59.41107149971745,58.885826113317115,1,-1,-1,-1
81,117,-7.309834877868852,92.60467868845302,167.86035531851397,110.77166282190643,1,-1,-1,-1
82,121,34.52508938388081,31.652380305812486,57.080128660531564,64.07835722336893,1,-1,-1,-1
82,117,16.86600742872406,106.89133565064631,159.86275162343534,105.57855243878628,1,-1,-1,-1
83,117,46.60732690801329,120.5958868054797,152.66329089350407,100.45350717182485,1,-1,-1,-1
83,123,35.30269862132438,44.91413726806641,133.00402658547625,145.27470703125,1,-1,-1,-1
83,124,8.236097955266676,13.239097595214844,57.85284299937876,57.86957473754883,1,-1,-1,-1
83,125,174.79273722423017,93.77543029785156,59.679521889430326,59.934103393554686,1,-1,-1,-1
83,126,48.47196341735244,113.43883666992188,57.7797517541623,57.69710693359375,1,-1,-1,-1
83,120,39.54693751661827,53.32187266983577,59.35734630140981,65.20434466321828,1,-1,-1,-1
84,117,58.55077453317392,136.36001210785608,159.06978145390497,104.86595233068458,1,-1,-1,-1
84,123,49.963304682714096,26.099134319481053,146.5786793880705,160.59105673547788,1,-1,-1,-1
84,124,10.63101291903902,24.50466895519202,57.80842443566963,57.82283861082178,1,-1,-1,-1
84,121,40.14178054302151,75.99027346900291,57.37486099192488,64.28133279701005,1,-1,-1,-1
85,117,85.9195614359158,153.51550175608304,153.50203254429368,101.4397887188496,1,-1,-1,-1
85,123,80.72131268917337,20.958241132530603,153.17862454575373,168.55203052945328,1,-1,-1,-1
85,124,14.342463010323836,38.9616666992861,57.36239491855188,57.37497275435582,1,-1,-1,-1
85,127,138.69995396077127,86.02276306152345,62.06660819173871,62.455996704101565,1,-1,-1,-1
85,128,85.91533437207448,117.334326171875,58.04214009374165,57.66676025390625,1,-1,-1,-1
85,121,44.684619747410515,97.6541723766501,58.544956839102255,65.5685864763935,1,-1,-1,-1
86,117,103.67486544467766,154.89841455470878,148.29792916707896,97.78680919305341,1,-1,-1,-1
86,123,106.17284657711403,10.446035278894868,147.90086495463902,163.0803723753476,1,-1,-1,-1
86,124,17.639168275027973,52.98236837503371,57.476533592520745,57.47803734291223,1,-1,-1,-1
86,121,48.29186941920504,121.65675118190087,57.16184863457349,63.901100976212355,1,-1,-1,-1
87,123,127.96865247004816,1.759850007881397,138.78099819143958,153.84904827388897,1,-1,-1,-1
87,124,21.051702217545955,66.36436435932032,57.60249453462021,57.58309478010319,1,-1,-1,-1
87,121,49.96366619082875,144.36244562674193,57.94779057230522,64.85184031124109,1,-1,-1,-1
87,130,105.45444975693239,78.68077850341797,60.002764304494605,61.216835021972656,1,-1,-1,-1
87,131,124.40965593515796,121.2173095703125,58.70278895976219,58.610809326171875,1,-1,-1,-1
88,124,23.537301428143365,79.53579728922219,57.73851355528578,57.71741151270084,1,-1,-1,-1
88,121,53.20171699532325,166.89600613004126,56.76020816001505,63.34034034315479,1,-1,-1,-1
88,133,93.16974175309667,15.187432861328134,169.59424757290822,152.12203979492188,1,-1,-1,-1
88,134,72.74458788666686,116.47357025146484,150.35756800108032,102.71058502197266,1,-1,-1,-1
88,120,83.87889874340217,73.02997282903425,57.327991104539535,62.41042886318898,1,-1,-1,-1
89,124,26.711416165612253,92.521762665449,57.95710525747459,57.92659946406571,1,-1,-1,-1
89,121,56.022024065221885,187.66774489337652,57.252684019503924,63.812961710884906,1,-1,-1,-1
89,133,73.22823854550285,18.12420969760464,164.30525494069843,147.8885505215124,1,-1,-1,-1
89,134,55.25407828355701,103.10639168765468,146.9273124161726,100.21552037135741,1,-1,-1,-1
89,135,162.17523002776414,124.80564880371095,58.93733291322175,58.058770751953126,1,-1,-1,-1
90,121,64.43210420097326,209.1597997984889,47.23018411427415,50.941450756026796,1,-1,-1,-1
90,133,64.3046151802889,37.155476417685165,164.61138682400573,149.51311718785672,1,-1,-1,-1
90,134,30.96663637033498,85.22860135248786,148.12620545987485,101.02459536834844,1,-1,-1,-1
90,136,54.94560916004352,67.4313003540039,63.350487002178596,63.287236022949216,1,-1,-1,-1
91,134,11.07085746101869,68.2224317947578,154.12824567087137,105.09125016543253,1,-1,-1,-1
91,137,197.5986969686613,129.3381790161133,57.48594956853674,57.66648406982422,1,-1,-1,-1
91,124,33.516030457803474,119.57762406982646,56.78933213957497,56.75619446764691,1,-1,-1,-1
92,134,1.3966201751749452,51.618936366412775,145.6352326355589,99.02743501481807,1,-1,-1,-1
92,137,188.3398201571274,130.7364015140477,57.498654169349344,57.665982489992714,1,-1,-1,-1
92,138,21.517902738869335,55.64185638427734,62.4946915010211,61.787289428710935,1,-1,-1,-1
92,139,35.391141471914786,74.50191040039063,65.40797584523294,65.9936767578125,1,-1,-1,-1
92,140,63.595226499976974,172.5574462890625,59.96826587211637,64.71124267578125,1,-1,-1,-1
92,124,36.28419583179665,132.39748017616154,57.5393544337853,57.49243781665201,1,-1,-1,-1
93,134,6.072386131508949,41.27297013830468,141.27913779240387,95.72564474460223,1,-1,-1,-1
93,137,170.15169037300683,132.4398414660156,57.73717900462608,57.895242111095406,1,-1,-1,-1
93,124,39.30617487855186,145.59307910171148,56.522009523120566,56.48900864953845,1,-1,-1,-1
93,133,7.014363603548375,79.50456034381314,153.04655632069628,140.20222175028184,1,-1,-1,-1
94,134,21.715519886808565,23.520502105199633,147.5544580448305,100.10923661833927,1,-1,-1,-1
94,137,150.75059451662608,134.210373665467,57.701846658597354,57.84744626095341,1,-1,-1,-1
94,124,41.807457417540576,157.76220516575384,58.45432791498079,58.392425068395006,1,-1,-1,-1
94,133,8.41473211333556,82.69656486936037,160.96868637472988,150.27620885047855,1,-1,-1,-1
94,130,70.2013780766996,123.24977968070918,62.57908782678537,64.14622703404129,1,-1,-1,-1
94,136,17.890092071298064,52.77763311810135,62.142327786458,62.121036538282276,1,-1,-1,-1
94,139,16.738966305309248,62.338275337743084,88.10117078531367,88.96215898825417,1,-1,-1,-1
95,134,42.40972258208224,9.182585543691005,148.06285219769129,100.35977680636772,1,-1,-1,-1
95,137,131.3667852851082,137.39104675026732,57.72054877145627,57.86057455360935,1,-1,-1,-1
95,124,44.96662262214211,171.1586109352317,58.01835703641893,57.92439499577233,1,-1,-1,-1
95,133,24.787472428211444,93.85808971174288,156.46359809792577,148.05432296181908,1,-1,-1,-1
95,138,34.15465899393941,45.02075865203141,67.82558258287196,67.14989256061848,1,-1,-1,-1
96,134,67.07514628523512,-1.5364482245595,141.40403658563287,95.11919087569,1,-1,-1,-1
96,137,111.47861509454924,140.08464047442348,57.453789428484534,57.57375734290006,1,-1,-1,-1
96,124,48.08385846251117,183.94392956298785,57.6075954986341,57.494279035702995,1,-1,-1,-1
96,133,44.55768059754003,100.41031445995213,158.0799187763723,151.85897041860397,1,-1,-1,-1
96,144,75.4708611633036,84.14244842529297,58.763783044486544,64.96546173095703,1,-1,-1,-1
96,138,46.81039259454517,41.49811339290767,66.73043115989655,66.1486590151122,1,-1,-1,-1
97,137,91.81803013700682,141.56792240110605,57.555804773092106,57.68386676718898,1,-1,-1,-1
97,124,51.18049983928384,196.84662698885032,57.47701366384958,57.3121485493324,1,-1,-1,-1
97,138,63.640745383778665,40.636581865799705,65.30781462279833,64.87707545730869,1,-1,-1,-1
97,145,69.38777201851576,47.59183807373046,104.39841073591771,168.09530639648438,1,-1,-1,-1
98,137,72.20517207930223,143.1301211008975,57.62594317049914,57.73652932753325,1,-1,-1,-1
98,124,57.761636363628796,210.17894212671226,49.72854604853103,48.29912732107605,1,-1,-1,-1
98,138,77.73499112948195,36.271172923932866,64.19846140342544,64.10037793986481,1,-1,-1,-1
98,146,107.05841622092954,68.84849853515625,132.36450605911747,167.70556030273437,1,-1,-1,-1
98,147,100.65337237785327,25.43164978027344,149.72226830581687,95.65211791992188,1,-1,-1,-1
99,137,53.91837391791702,145.82865216816106,56.74271480270437,56.79010937969013,1,-1,-1,-1
99,138,96.19726333892285,31.27718223444247,64.306948810941,64.17385691293369,1,-1,-1,-1
99,146,133.05070006535186,74.75820601534613,119.38281409828991,151.36866067459692,1,-1,-1,-1
99,147,79.8542519428112,35.36306341339627,185.45973842920438,118.94582843938137,1,-1,-1,-1
100,137,34.67095825725896,147.868061953014,57.48807063154403,57.53163209448799,1,-1,-1,-1
100,138,111.7838912567012,26.9138977733913,63.96617420169776,63.71312865037505,1,-1,-1,-1
100,146,120.09738341413755,53.0672127422027,127.56548673759616,161.77083485281005,1,-1,-1,-1
100,147,61.42917641231608,51.465437630196064,173.12464452551194,111.06928081382125,1,-1,-1,-1
100,148,91.25446455172893,2.8677978515625,52.9481174053312,58.21212463378906,1,-1,-1,-1
100,149,105.18810847104899,51.09864273071288,62.60049814579263,62.312521362304686,1,-1,-1,-1
100,150,59.058993899183974,186.8858184814453,58.45059511789183,57.7958251953125,1,-1,-1,-1
