2,1,16.643600677696543,2.076889801025395,63.51990313679442,64.10244445800781,1,-1,-1,-1
2,2,189.47504842508243,104.36677856445313,58.22639851116325,65.03841552734374,1,-1,-1,-1
2,3,175.14232293322468,159.01118164062498,68.10979993433189,87.24821166992187,1,-1,-1,-1
2,4,92.07242245249282,149.9405029296875,92.59384528056127,99.72651977539063,1,-1,-1,-1
3,2,193.03088158450146,97.69192891861476,56.904733492501684,63.53154074492703,1,-1,-1,-1
3,4,91.65360803976975,132.28307902500993,109.15397397084642,117.82455510847785,1,-1,-1,-1
3,5,185.24959131561928,134.65220642089844,64.70125071837084,71.52966918945313,1,-1,-1,-1
3,6,224.02381597056765,61.75749664306641,26.03020009011473,55.90391082763672,1,-1,-1,-1
4,2,190.85263105318026,82.53316664430344,65.10893501832783,72.86279536673094,1,-1,-1,-1
4,4,92.65670195878887,108.38341349746133,127.7042120050256,138.67355049404318,1,-1,-1,-1
4,7,177.56914552024358,81.25084991455078,75.22383054154407,163.04910888671876,1,-1,-1,-1
4,8,44.10053832994315,25.142348480224612,70.50468811062152,70.399169921875,1,-1,-1,-1
5,2,193.81312812409323,66.61753495631817,61.144119351771906,68.38945316968467,1,-1,-1,-1
5,4,91.88066836062877,85.92563541465843,138.84202494105264,151.95692857356332,1,-1,-1,-1
5,7,170.01599008090048,76.68337885258337,75.99139545941875,163.97137968442715,1,-1,-1,-1
5,10,135.23253222358113,172.49558105468748,72.05081690049403,68.97135009765626,1,-1,-1,-1
5,11,209.59100657693716,13.420800781250001,42.19442727581317,55.74564666748047,1,-1,-1,-1
6,4,101.8369513213288,69.89683018760746,144.99085336177274,159.7666385638861,1,-1,-1,-1
6,7,174.63955801558768,41.40281120074488,83.90411621307798,182.74105510420844,1,-1,-1,-1
6,11,210.82225574999356,14.488283508327243,43.680627436730546,57.876423519854,1,-1,-1,-1
6,12,74.7958881644744,64.65369186401368,70.07205728921527,68.84612426757812,1,-1,-1,-1
7,4,108.34294808964032,49.5415083334957,148.34782146614077,165.52350371088056,1,-1,-1,-1
7,7,174.33831031932914,24.298849773564,87.96183364978519,193.9112779706877,1,-1,-1,-1
7,14,93.12416096486947,190.27037353515624,59.27279623432354,65.76546630859374,1,-1,-1,-1
7,15,182.03063191001925,6.333500671386716,73.52256186355528,52.2808952331543,1,-1,-1,-1
8,4,118.05523235026253,39.61359412630681,144.9610860766579,163.43641370544583,1,-1,-1,-1
8,17,116.29278338084737,99.04706115722657,64.33140101174274,76.73285522460938,1,-1,-1,-1
9,4,126.58907381322304,24.439074209707528,140.19307922892048,160.63430007529288,1,-1,-1,-1
9,19,42.09962753392495,167.5652648925781,66.30638305470869,73.65775146484376,1,-1,-1,-1
9,2,180.32445361781961,53.20078599604584,50.8755802091584,56.43394646548112,1,-1,-1,-1
10,4,129.84973077396836,20.00390452711619,134.11022241472824,155.88517855134484,1,-1,-1,-1
10,21,170.541826125568,78.30863037109376,59.363564545739,57.94710083007813,1,-1,-1,-1
10,22,140.59735280383367,138.4913131713867,71.81249654077016,71.70731353759766,1,-1,-1,-1
10,2,174.06939882962865,45.76544700465253,57.16778672344137,62.83747682620279,1,-1,-1,-1
10,11,199.81108798861868,21.393470930847663,47.96748266692396,62.623266834282575,1,-1,-1,-1
10,7,180.29247624303147,38.54944882892511,79.21531291078956,177.07662882507165,1,-1,-1,-1
11,4,121.55807591418817,11.488691125161367,135.81196358578805,160.04385857978733,1,-1,-1,-1
11,2,184.7139058913002,39.421715251301805,56.91681937272365,61.94550182692745,1,-1,-1,-1
11,23,-1.7379514266383467,139.94360961914063,65.42494307544467,73.55943603515625,1,-1,-1,-1
11,7,181.2775368037753,59.23100368013053,77.90934180929521,176.82217731596285,1,-1,-1,-1
11,17,164.62411474471182,105.50206974552782,46.52142583081747,54.99886125683423,1,-1,-1,-1
12,23,10.37813817542245,127.50989523766273,64.75297154205256,72.80092017297409,1,-1,-1,-1
12,7,180.32408715323197,67.5057264796069,78.58581142189993,181.14132955079023,1,-1,-1,-1
12,24,124.60060030719012,50.580534362792974,109.69398371179166,157.0992691040039,1,-1,-1,-1
12,25,171.46326207430945,177.25258178710936,70.78593923028734,71.16201171875,1,-1,-1,-1
12,10,150.86502691302147,128.79369800275325,59.21034466664402,56.73575325003346,1,-1,-1,-1
13,7,179.47318755671276,59.658912711390855,79.98368563188434,188.42450108804707,1,-1,-1,-1
13,24,121.73222150163991,57.47409164971951,111.97749542975792,160.4138325170222,1,-1,-1,-1
13,25,185.18659271835773,189.26299895255852,62.083872142685394,62.36498942661821,1,-1,-1,-1
13,19,37.21910569839238,110.54120324256627,66.54664138092073,73.99249745169207,1,-1,-1,-1
14,24,116.05481607855478,74.81546035898398,115.39702351828133,165.16896279405694,1,-1,-1,-1
14,25,182.8605835265189,188.8703473007597,62.21651194912858,62.36304523440022,1,-1,-1,-1
14,26,141.72817537981345,171.09542846679688,56.99934992396686,55.05189819335938,1,-1,-1,-1
14,14,62.24242129055601,97.29379812077491,64.11070246173045,71.1015805939117,1,-1,-1,-1
14,22,145.94978731570262,140.66581806576886,100.19987155126563,100.60884986749682,1,-1,-1,-1
15,24,107.68061827688388,83.71066327641624,116.01831352691045,166.03362243943414,1,-1,-1,-1
16,24,97.34988332976862,94.76358264427775,108.26344927714703,154.2961158917009,1,-1,-1,-1
16,27,104.92073939833273,70.26541900634766,66.8219550412252,71.88334197998047,1,-1,-1,-1
16,28,110.4389310392383,159.91630859375,67.63336228675779,64.82169799804687,1,-1,-1,-1
16,29,114.28910282673232,182.5567169189453,72.8347948348166,64.30050048828124,1,-1,-1,-1
16,31,139.88028306321564,217.54161682128907,37.862480748568686,36.64540405273438,1,-1,-1,-1
16,21,141.30319960582978,142.65907165019476,72.90536542383123,71.13461661073059,1,-1,-1,-1
17,24,89.41050839767067,90.24231300508521,108.8220241766951,154.44476444268537,1,-1,-1,-1
17,29,115.64956393160627,196.1474846608386,65.0714337135635,57.56189442278145,1,-1,-1,-1
18,24,86.93242895374667,81.46785661428869,108.77813949720387,154.19514180551514,1,-1,-1,-1
18,33,153.4351216958617,43.48094863891601,62.553224625854675,71.23992614746093,1,-1,-1,-1
18,35,111.68819988739637,18.91689605712891,94.54679358458223,155.8611328125,1,-1,-1,-1
18,36,116.91377648759415,107.82611694335938,64.67940655850313,70.20769042968749,1,-1,-1,-1
18,7,187.49791052377304,29.403961114047476,74.02422808005119,182.68158509882312,1,-1,-1,-1
18,26,113.57938262144395,175.07940753362487,57.719796927813334,55.82913131364447,1,-1,-1,-1
18,28,111.72686090508299,135.6049928469906,67.26510436888958,64.48814800735907,1,-1,-1,-1
19,35,90.02762137919221,18.49626364810308,98.7722926961865,162.58614469824087,1,-1,-1,-1
19,7,188.5796386674081,30.556755316485464,73.76108988781989,192.41337471854868,1,-1,-1,-1
20,35,80.21196627162682,24.80984914484621,99.50539052394063,162.73047165764837,1,-1,-1,-1
20,37,199.0860421969624,20.27392120361328,53.76215022521579,60.44906463623047,1,-1,-1,-1
20,27,85.20694056868359,68.74904114212305,59.44797662024092,63.48665579002104,1,-1,-1,-1
20,36,102.09077326170619,87.61105527100214,58.67714775729897,63.426528241119115,1,-1,-1,-1
20,28,98.42570151801357,125.65181668913252,60.637362653492076,58.13025925309971,1,-1,-1,-1
21,35,79.03013863848119,25.03240919635428,97.14142007945382,156.83628478114173,1,-1,-1,-1
21,28,92.44638041028824,107.33447890574718,57.86530085050332,55.57398905779412,1,-1,-1,-1
21,7,190.05818045718155,38.34874414542139,68.18925034473398,186.8159263247298,1,-1,-1,-1
22,35,66.84663306024265,9.0605043746705,91.7841200104207,146.52544503786746,1,-1,-1,-1
22,43,52.17314815237436,29.594654083251953,63.428210836364556,72.21282958984375,1,-1,-1,-1
22,7,192.13704986065582,40.418971257851624,63.92909389968296,182.7116665957428,1,-1,-1,-1
22,24,79.95636269701943,42.090284189743514,109.86494410974402,157.18275116359243,1,-1,-1,-1
22,33,158.61172216331045,17.487572689206306,55.81934580052111,63.49446029336024,1,-1,-1,-1
22,36,88.26432715678685,80.03695434221929,52.90411945898006,56.915096923374755,1,-1,-1,-1
23,44,136.0327374720911,21.51348876953125,61.37207388394281,90.29633789062501,1,-1,-1,-1
23,45,107.41475932688311,113.64845886230468,63.85303749857752,64.16837158203126,1,-1,-1,-1
23,24,61.172950758132096,21.461351781955372,110.68584822087429,158.316792709648,1,-1,-1,-1
23,27,77.0136499414666,56.06897636687381,53.616574173646676,56.85546947723275,1,-1,-1,-1
24,24,47.65494909117658,19.68310844948695,112.38882658086057,160.56971603181694,1,-1,-1,-1
24,46,82.36163923211225,100.38831481933593,87.71267582044344,154.29210205078124,1,-1,-1,-1
24,47,22.96588373345035,1.7358489990234354,60.607362171771165,60.19833984375,1,-1,-1,-1
24,28,87.63664263898949,77.65616165400692,65.28026342906412,62.778700277629234,1,-1,-1,-1
25,24,43.32539314584055,35.69667159287074,114.73145813530266,164.88419871948747,1,-1,-1,-1
25,46,80.60699344972436,115.52962870992025,76.52280593168823,134.1508429501032,1,-1,-1,-1
25,48,65.41135004704098,13.601838684082026,55.20474741568367,54.92393035888672,1,-1,-1,-1
25,49,109.12599068807219,69.113671875,59.01794507649231,66.32104187011718,1,-1,-1,-1
25,51,206.13177621993674,2.837899780273439,27.172189747626557,100.03089599609375,1,-1,-1,-1
25,28,82.59354505415325,57.08693958860324,72.76501949309421,70.80025431685247,1,-1,-1,-1
25,26,91.00069434350901,150.1156514125426,63.860620364560724,61.55673581334492,1,-1,-1,-1
25,35,21.80464723238159,13.386352059865928,97.29092416404423,152.31065711708317,1,-1,-1,-1
25,43,6.747432404861751,11.505979468259724,60.30893041000757,68.27398317619802,1,-1,-1,-1
26,24,41.794349853194284,54.046967053424055,114.64790585987372,163.48809811779353,1,-1,-1,-1
26,51,202.65242669209536,19.9770781196386,29.16488522373778,107.61611818791097,1,-1,-1,-1
26,36,59.12238127269326,65.37437893635911,68.24849349939771,73.60553922079558,1,-1,-1,-1
26,45,73.60197108676404,113.56210693290856,64.31952169538383,64.55495998615191,1,-1,-1,-1
27,24,29.817339417174175,69.45435036159137,114.68022542702245,164.2855649603411,1,-1,-1,-1
27,51,200.53115591179485,42.36018425535996,28.883758157449453,106.97338416849074,1,-1,-1,-1
27,44,66.19700403098344,34.02356763911571,109.1809293493162,162.0417562820951,1,-1,-1,-1
27,27,37.178083067000344,52.195898901955175,63.37873014782593,66.4561912144215,1,-1,-1,-1
27,48,51.506293323346554,9.286741851208806,55.610771263170626,55.31102984784699,1,-1,-1,-1
28,24,19.43807411079576,86.40173236374059,112.62420011144066,161.53210592841145,1,-1,-1,-1
28,54,18.61255940882898,95.05919494628905,69.39994679513501,68.17252197265626,1,-1,-1,-1
28,44,48.49298814835185,26.438140772036434,117.99897689558786,176.4782971691051,1,-1,-1,-1
28,7,199.57461662774546,137.14017496236846,37.7230362788939,111.82286767442847,1,-1,-1,-1
28,36,51.21944342737479,65.56238428007595,65.92223309672691,70.40975643758738,1,-1,-1,-1
29,24,19.601220835308247,88.13867856696152,111.69427817147663,160.05328930176478,1,-1,-1,-1
29,54,19.31922788725401,101.6211176533925,67.84415722659382,66.62524579548017,1,-1,-1,-1
29,44,40.67948083887644,11.318085135345314,118.41469849638604,176.754848229342,1,-1,-1,-1
29,56,38.361904966192384,51.178958129882815,55.31882007249806,55.18921813964844,1,-1,-1,-1
29,49,66.47127887806425,84.24353998685928,63.52785803845517,71.03666723932038,1,-1,-1,-1
29,51,198.5722659133128,51.39430859090764,26.70152582175772,99.33317909505317,1,-1,-1,-1
30,24,19.696592095694626,85.21954287728789,106.37806184110462,152.3552194703508,1,-1,-1,-1
30,47,29.050717834423263,79.3506589988992,57.81562019014293,57.42195410544436,1,-1,-1,-1
30,46,53.49465598845564,12.111432601272142,103.62491991595736,181.60492937200996,1,-1,-1,-1
30,45,13.25907665802088,127.15162275358298,67.19457793213509,67.66963990260903,1,-1,-1,-1
31,24,14.687231291399677,60.694757308758085,112.62565519177345,160.08971303293526,1,-1,-1,-1
31,58,92.2965408966766,120.6347198486328,70.39714800401006,69.87369384765626,1,-1,-1,-1
31,59,193.8428340429593,6.091885375976567,26.139399052753255,112.13673095703125,1,-1,-1,-1
31,54,22.587216058318074,104.68530626299881,58.070206692600955,56.99160588542275,1,-1,-1,-1
32,24,12.324518345462806,54.0461330586744,111.16409777042102,155.0840520300136,1,-1,-1,-1
32,59,194.2123062992835,1.4315700292661617,22.381649885465364,95.82359613609376,1,-1,-1,-1
32,60,44.96815224243987,127.3072509765625,59.7089225659015,65.668994140625,1,-1,-1,-1
33,24,6.607939397595366,25.991227463603835,116.96352673106178,163.77454759553314,1,-1,-1,-1
33,59,191.9022512526588,3.335012788048928,23.378882388316583,99.80793826611111,1,-1,-1,-1
33,61,10.036754014867793,147.504541015625,54.72436260625074,54.61719970703125,1,-1,-1,-1
33,62,124.04863025712176,158.62066650390625,72.28632102872521,71.57587890625,1,-1,-1,-1
33,63,81.44257598161462,162.68527526855468,66.13530091763015,74.36980590820312,1,-1,-1,-1
33,44,31.492385667837937,76.80746111583119,111.10900495338842,166.7693283006068,1,-1,-1,-1
34,24,14.527021766660091,17.161557183174878,111.71830434781292,156.51546481972085,1,-1,-1,-1
34,62,125.71769451355601,175.4355341964325,69.61511750205547,69.04064725227857,1,-1,-1,-1
34,44,32.27246945894141,97.76246495784186,104.24731322044649,157.77820147573513,1,-1,-1,-1
35,24,19.90753592819768,26.50407689633873,109.82098749433304,154.10844386799783,1,-1,-1,-1
35,62,131.25415027440386,193.44782639679335,62.04493929188886,61.6621403047676,1,-1,-1,-1
35,44,25.914549604660976,100.67903743247743,101.3218332295352,154.88979840675034,1,-1,-1,-1
35,65,-1.5529488333708912,195.83349914550783,54.68611083202499,54.5859130859375,1,-1,-1,-1
35,66,166.58389777672167,193.11444702148438,55.18012314772853,55.63935546875,1,-1,-1,-1
35,51,184.8866672076796,50.58159854052258,27.436058657369983,102.86002872278215,1,-1,-1,-1
35,60,68.68241713565158,99.954222597741,59.19898362839915,64.81189788155763,1,-1,-1,-1
36,24,17.72198062408674,40.993501691760216,116.02029808591885,165.23115393398066,1,-1,-1,-1
36,66,170.5099660846148,180.19880349290787,69.09266638973521,69.72253132492642,1,-1,-1,-1
37,24,20.770110277494148,41.45953158585321,119.25395592096852,170.21215132936575,1,-1,-1,-1
37,66,180.4812404245832,165.967345702949,72.03698167591226,72.74993328154378,1,-1,-1,-1
37,59,184.23259920093432,44.93339317994961,23.29395264682174,99.2263165991286,1,-1,-1,-1
37,44,3.1351251952216046,90.27437620505953,104.34570233332823,162.09250249530396,1,-1,-1,-1
37,65,7.472035476672165,200.16624325632438,55.04275393644307,54.9265400784576,1,-1,-1,-1
38,24,18.538817043603018,42.81558967091469,118.75981711310453,168.86052443203462,1,-1,-1,-1
38,69,177.62104686550106,43.75574645996093,37.07267677681039,184.0675537109375,1,-1,-1,-1
38,59,180.40878379764658,31.414721266779814,24.52026125798285,104.45422713347999,1,-1,-1,-1
38,58,174.91523761652587,143.88369742197972,71.72747577805524,71.19278344766187,1,-1,-1,-1
38,54,27.361302937837223,67.51122623564504,66.11676476161423,64.8227461251651,1,-1,-1,-1
38,61,15.691891709151218,176.36348909959253,54.55110719336421,54.437861322464116,1,-1,-1,-1
39,24,8.619459435080849,25.29739233189197,114.4239758120617,165.1107983876789,1,-1,-1,-1
39,69,178.77469328490182,45.71120119785627,33.317181399968554,164.12741432343296,1,-1,-1,-1
39,58,180.6065307929729,138.30573503920664,73.62020081534888,74.36313595964832,1,-1,-1,-1
40,24,5.972755012445312,27.032275071811895,112.48235555553896,164.89627719886633,1,-1,-1,-1
40,69,178.02633829797384,28.904937348639592,32.71430927825602,159.17864853465454,1,-1,-1,-1
40,71,21.35207415982967,121.93404998779297,65.61276757389535,58.53458099365234,1,-1,-1,-1
40,74,43.61228580286588,96.18907775878905,107.89345512766668,150.05184326171874,1,-1,-1,-1
40,63,154.10409085149118,116.6626669397325,61.37369695648618,68.41354481536193,1,-1,-1,-1
41,24,4.71314819282788,36.66044577867518,114.10710324901099,167.58997400403868,1,-1,-1,-1
41,74,54.14999541749127,93.64004241148568,111.27087779380088,154.59266311527765,1,-1,-1,-1
41,60,131.1458722574854,89.65525439613842,57.05847075812396,61.84925086738718,1,-1,-1,-1
41,59,174.37529065061025,8.237379711503444,24.98496574742497,105.76824216869979,1,-1,-1,-1
42,74,67.59801164394696,82.14800223479308,107.80640078912306,149.65957347749324,1,-1,-1,-1
42,76,39.76648183428567,85.87618408203126,54.99561680628219,53.530816650390626,1,-1,-1,-1
42,77,117.102082358739,103.77032623291015,60.953318192678275,68.69322967529297,1,-1,-1,-1
42,51,178.01810644214922,89.40119586041774,22.20196725153984,79.8206296647391,1,-1,-1,-1
42,44,-1.0325776873115515,71.7390304971691,102.8196727422622,161.55250441958776,1,-1,-1,-1
42,69,171.05422223291797,37.01994818214216,36.98455711475783,178.04670571269608,1,-1,-1,-1
43,78,99.00857836740431,52.53535003662109,70.750378665582,70.27643280029297,1,-1,-1,-1
43,44,-2.971336326789654,87.89846179022265,97.78889332365766,155.14241647013876,1,-1,-1,-1
43,69,153.99594145035311,37.95178160424216,37.92870161079767,177.99165980999044,1,-1,-1,-1
43,24,36.465458924187146,50.730929156040716,112.78969457457416,164.13341416057162,1,-1,-1,-1
44,44,2.2262090134254677,100.67049295545098,95.85076874845417,152.94243268731952,1,-1,-1,-1
44,79,57.9429835234358,37.666648864746094,54.19876729761083,54.008978271484374,1,-1,-1,-1
44,80,61.45126641070668,69.85325469970704,74.02442793298118,69.18911437988281,1,-1,-1,-1
44,24,26.2575779353865,51.18963704546643,113.0208578795757,166.9557147258881,1,-1,-1,-1
44,74,73.13148391342838,33.464321463414464,115.58709143412135,160.77548045463695,1,-1,-1,-1
45,44,2.660449992680718,99.92515810398585,94.86099326434415,152.6230647466609,1,-1,-1,-1
45,24,18.920369466212982,41.770273841678645,112.79393066396058,169.25896890786547,1,-1,-1,-1
45,82,169.33588745036673,148.79574279785157,31.422170411766572,103.59237670898438,1,-1,-1,-1
45,74,82.23773149735598,22.073769388731804,111.28534529080359,154.37511296908113,1,-1,-1,-1
46,24,36.618245124371754,28.982108783278406,111.83887439761227,165.89626069463765,1,-1,-1,-1
46,74,90.59336038308882,11.48403992472305,107.26702277961346,147.9055848870028,1,-1,-1,-1
46,83,76.22347377992511,1.7705535888671875,47.120465770227895,46.08146209716797,1,-1,-1,-1
46,84,19.063577643716414,42.61759567260742,64.64498826725469,73.38866271972657,1,-1,-1,-1
47,24,20.27828608938602,47.39790561046361,104.53162440016571,157.08147496339572,1,-1,-1,-1
47,74,74.26852898079326,7.780914547328194,114.10624061590414,157.3301113739888,1,-1,-1,-1
47,86,33.843440811866245,10.106172180175783,70.47606088115032,61.4374267578125,1,-1,-1,-1
47,79,75.56724545961423,10.272310205805361,56.621878763661236,56.43084627254437,1,-1,-1,-1
48,24,18.286051513314803,35.43991842875319,103.03335417315282,156.6300917017367,1,-1,-1,-1
48,80,49.844487328211805,42.26024223398258,123.2115634154727,114.62511718642904,1,-1,-1,-1
48,84,19.43030650123822,31.940767655954545,61.575301776184546,69.60396299721486,1,-1,-1,-1
49,24,19.000735890033823,20.818605637556473,102.26156642485546,157.74341873083748,1,-1,-1,-1
49,89,101.38032677922115,43.72144927978516,114.6204926817921,161.74401245117187,1,-1,-1,-1
49,76,92.16671372984368,57.10937989369001,57.56725449112018,56.10166136215797,1,-1,-1,-1
49,78,38.13404056186731,0.84627449863234,70.03230405071471,69.89148771862683,1,-1,-1,-1
49,83,67.32930715062464,3.967526296098761,60.52918646996238,59.153867869194926,1,-1,-1,-1
49,74,68.87013993707103,6.12907428732494,117.00295660155324,161.6093245199609,1,-1,-1,-1
50,24,20.243742190517267,24.247308945544802,101.72500656701934,158.9846168033542,1,-1,-1,-1
50,89,108.79594877284812,68.54144280609334,112.5291719093631,158.86905999465498,1,-1,-1,-1
50,91,12.300990309469086,64.00551071166993,70.94776913692121,69.99183349609375,1,-1,-1,-1
50,83,60.07348231376707,9.130460468648103,69.31078918834427,68.13786272436212,1,-1,-1,-1
51,89,110.70395384083041,79.6153557913503,114.00812451527864,160.7018429115141,1,-1,-1,-1
51,92,94.10015365775868,63.28357391357422,61.09259124405295,60.25954132080078,1,-1,-1,-1
51,44,23.972003545096428,57.6509294486289,97.06159694800803,156.75625871547672,1,-1,-1,-1
52,89,113.2788219270922,88.49691132888907,114.4270263223684,161.1983952536023,1,-1,-1,-1
52,93,106.0509166722475,35.717749023437506,63.39014816185268,72.5509262084961,1,-1,-1,-1
52,94,45.40579025318666,103.41108398437498,69.59526611227902,69.64214782714843,1,-1,-1,-1
52,95,112.05299133990697,121.25733947753906,58.34950438073296,58.134857177734375,1,-1,-1,-1
52,96,101.54014836466446,78.35110168457031,88.50133779215545,100.75762329101562,1,-1,-1,-1
52,44,41.48196342177265,64.19907808978999,101.09215484137488,159.13618865511825,1,-1,-1,-1
53,89,121.77497774726513,85.45651891982226,114.96373694887781,162.35807401491002,1,-1,-1,-1
53,96,116.1852929414605,83.25492398699804,84.98356836623034,96.85898775321655,1,-1,-1,-1
53,44,40.64297863781646,71.47157580645185,104.51052107337036,165.0890090019518,1,-1,-1,-1
53,92,98.34757893992003,74.64400124629887,63.681109787691575,62.71121351681409,1,-1,-1,-1
54,89,136.29532282246,87.24954437350164,107.26303462941932,151.10283641242773,1,-1,-1,-1
54,96,140.49026411747812,107.26729137747336,62.608843889999115,71.01415332284427,1,-1,-1,-1
54,44,48.04104694308996,73.31434075888903,108.37099020920566,172.57503080958375,1,-1,-1,-1
54,97,152.79395156846402,64.52559967041016,64.26573455838445,73.52346649169922,1,-1,-1,-1
54,98,76.71178508400467,140.6827911376953,69.0506806254477,70.52066650390626,1,-1,-1,-1
54,99,125.03411218869307,170.93710937499998,55.68458781743809,55.591851806640626,1,-1,-1,-1
55,89,143.62820619867966,72.58973691342665,106.02879103250535,148.69154977040884,1,-1,-1,-1
55,44,48.807614856289405,70.1799095999966,107.76214806679539,172.76890757560065,1,-1,-1,-1
55,80,121.28236997193406,68.0097221724379,98.52894629169178,92.4610605781421,1,-1,-1,-1
55,24,79.32225047940892,43.80837103932403,103.11751539004071,160.01954482176043,1,-1,-1,-1
56,89,140.61523321964117,49.389499316941794,109.05250760934946,152.26316027255092,1,-1,-1,-1
56,44,51.19780272497927,58.56957057296616,104.91817510633066,169.98918657475875,1,-1,-1,-1
56,102,201.0460567184064,99.59455718994141,52.3369576081091,58.44755096435547,1,-1,-1,-1
56,103,107.94840121037102,177.994140625,71.24335871207049,68.8598876953125,1,-1,-1,-1
56,104,151.22247731557712,219.5076904296875,35.980954792673856,34.73765258789062,1,-1,-1,-1
56,24,87.39697527950158,39.38971724444964,103.44628331720779,158.00589833489718,1,-1,-1,-1
57,89,134.1197187954417,27.876559161751715,108.2925618092329,151.075658515614,1,-1,-1,-1
57,102,187.86213318173995,106.65355746659853,60.17296705258503,67.20800323731146,1,-1,-1,-1
57,24,82.73874319339768,34.50669950864989,104.14680386659553,156.52889088828834,1,-1,-1,-1
57,105,138.6811074783712,108.77408142089844,49.79451722099203,145.35405883789062,1,-1,-1,-1
57,95,144.65900673317182,88.93295424177703,62.048331397602155,61.67455485273328,1,-1,-1,-1
58,89,131.17504924206,37.20940704601429,112.03485265625268,158.17149054530518,1,-1,-1,-1
58,24,88.7919610696712,22.939492314902395,103.26598064135221,152.11692135762667,1,-1,-1,-1
58,97,159.85632581827815,123.58853528500467,62.089708350130074,70.8005400310876,1,-1,-1,-1
58,99,152.78559224340094,172.52500893494232,57.75394869052457,57.63448537529049,1,-1,-1,-1
58,44,55.0004297838239,36.49609189652844,98.69178342469242,161.70250795091494,1,-1,-1,-1
59,89,128.84721164161533,34.64376155549225,123.33157211044838,177.90916408813487,1,-1,-1,-1
59,24,99.25703957872886,13.021492940618487,107.35784381499741,158.45515481390652,1,-1,-1,-1
59,99,160.98600651312802,164.76995315638095,63.47596440788473,63.49328525580002,1,-1,-1,-1
59,44,58.841234396609906,18.744793825865926,96.25438287974745,158.5340447708356,1,-1,-1,-1
59,96,154.69205946004894,144.8464428637158,54.89852149132409,61.96517561466498,1,-1,-1,-1
59,105,132.6174323453631,67.24449181535297,62.452850782852494,182.4980202219155,1,-1,-1,-1
60,24,97.88502801783591,18.945255384573358,108.28463788240039,158.9705668254329,1,-1,-1,-1
60,44,60.71598642992335,30.830997807451638,95.26477750600912,157.67538112000636,1,-1,-1,-1
60,105,130.72991130536394,75.16039495639092,59.367298838164324,172.62194277662326,1,-1,-1,-1
60,92,165.59348480156538,128.86957285005246,59.3070913679842,58.490531664332046,1,-1,-1,-1
60,98,105.97503260417801,152.9445281921677,68.70073275485304,70.62533346633808,1,-1,-1,-1
60,102,178.15011511718885,142.58971884048486,65.53716972221206,72.92929162469613,1,-1,-1,-1
61,24,98.80209496396672,34.39602815109687,107.9709533910972,156.96878873635276,1,-1,-1,-1
61,107,105.62391565929512,118.7994598388672,64.54955637672228,64.24149780273437,1,-1,-1,-1
62,24,100.69733907406555,62.425585310104,105.11156469513024,150.33920170059287,1,-1,-1,-1
62,107,93.1838685907742,122.51689646194008,66.01778275622158,65.6483381764941,1,-1,-1,-1
62,109,175.75362629523863,106.40690307617187,65.94249716538212,65.61621704101563,1,-1,-1,-1
62,103,58.03646656746409,179.39711946798343,73.72450649739812,71.95366734649309,1,-1,-1,-1
62,95,182.56105049281538,79.15318889696678,56.08373993156728,55.73874691169181,1,-1,-1,-1
63,24,97.15510929933558,84.93335452402528,105.1386408169543,149.00693890984843,1,-1,-1,-1
63,98,114.0027999644021,150.72017179992685,63.015541314169226,64.27978275045781,1,-1,-1,-1
64,24,90.32504787234738,106.93977569251891,100.85324403188659,142.1410806428379,1,-1,-1,-1
64,112,196.14617507959096,37.39002227783203,54.69667571972434,54.658364868164064,1,-1,-1,-1
64,113,147.3329773343351,71.88126525878906,68.43379508718914,68.73392028808594,1,-1,-1,-1
64,114,15.866743900471775,182.40887145996095,70.35990056575565,70.11999816894532,1,-1,-1,-1
64,98,108.04469948035629,139.81033737281234,66.74503919070065,67.83567242291676,1,-1,-1,-1
65,89,93.52568715075148,94.33710581057206,104.12470032987716,149.07612543379147,1,-1,-1,-1
65,107,107.03616369965872,108.42003323246655,65.60164685612271,65.06167775303707,1,-1,-1,-1
66,117,206.15674791468587,2.538802719116209,38.389000508518926,41.955073547363284,1,-1,-1,-1
66,118,115.06766065390687,34.97659072875977,68.84823582109249,68.65186767578125,1,-1,-1,-1
66,44,75.37895871982715,50.53537862206777,97.50486607128563,157.76250595104224,1,-1,-1,-1
66,114,10.801671284184941,155.0322778637296,72.32627402401182,72.31028171199443,1,-1,-1,-1
67,44,75.75136592219168,45.466275308939984,100.83428028897484,161.40731208870378,1,-1,-1,-1
67,112,190.38170876838095,9.627600202124313,55.28577054837613,55.22038888513629,1,-1,-1,-1
68,44,77.80464144464906,34.57951936432046,104.76924867985717,162.6371952969755,1,-1,-1,-1
68,120,84.81959188702055,2.034550476074223,65.40644000525576,65.51713256835937,1,-1,-1,-1
68,121,57.768115738753316,128.04873046875002,63.31309408401681,70.9328857421875,1,-1,-1,-1
69,44,71.93824927496718,20.960992402309586,107.16450634677962,162.1625208508083,1,-1,-1,-1
69,120,69.67800324517077,9.308922235415054,67.00718821636528,67.11007332939002,1,-1,-1,-1
69,109,176.39131474180311,57.860990735131324,55.127571800472424,54.862477273810974,1,-1,-1,-1
69,118,108.97564301274357,53.68211553505533,62.96777983493023,62.724914268898544,1,-1,-1,-1
70,44,98.08414047511013,19.4652061423903,104.2373219617579,158.43100941891544,1,-1,-1,-1
70,124,97.61648961947913,44.135868835449216,56.79109913018238,162.29857788085937,1,-1,-1,-1
70,127,77.53619302271018,6.064868164062489,94.00036328319291,154.7942626953125,1,-1,-1,-1
70,113,111.0159213037874,107.78761327128501,64.53057125421434,64.8854143117966,1,-1,-1,-1
71,44,112.399268991318,32.61075644090606,98.33066898642988,149.09749329437483,1,-1,-1,-1
71,124,94.60281713701114,25.960259326822126,62.02183732672219,177.32505924936765,1,-1,-1,-1
71,127,54.10105405252273,13.793906711062604,88.23912938820229,144.47618229545472,1,-1,-1,-1
71,128,33.927128714772344,47.680102539062496,70.84667030483031,67.21065979003906,1,-1,-1,-1
71,130,163.67783152303866,100.53467407226563,54.780604043766374,54.611758422851565,1,-1,-1,-1
72,44,117.10291146225511,43.889518587373004,104.8227553882862,162.0090231027509,1,-1,-1,-1
72,131,152.84326897155947,70.20083312988281,67.21832655883416,70.82576599121094,1,-1,-1,-1
72,89,39.72925283382388,38.47211603287501,109.30604396760785,154.33237386725466,1,-1,-1,-1
72,107,150.3736462111516,98.48388593002682,59.53971781133404,58.86112496747079,1,-1,-1,-1
72,114,14.587968546602553,70.97455603603856,68.57974728067501,68.57975746654138,1,-1,-1,-1
73,44,121.33190924578435,69.68793617123993,103.14392659254655,160.74495586858455,1,-1,-1,-1
73,132,149.56609838330843,146.85596313476563,56.039556163070635,55.89500122070312,1,-1,-1,-1
73,133,111.23288692604795,2.152029418945311,25.21814948774783,101.42225646972656,1,-1,-1,-1
73,89,36.08032375260056,51.84786811056456,111.52861532914977,156.3485562380267,1,-1,-1,-1
73,121,4.302227334347357,88.3251771137184,61.272317303855985,68.28738133197365,1,-1,-1,-1
74,44,128.88503114239225,87.77234871160238,103.44399894024525,161.98995685690335,1,-1,-1,-1
74,133,107.52945154021376,19.141437967204965,26.924975190094088,108.3827201524739,1,-1,-1,-1
74,89,30.544229689903396,66.84930706298213,116.02297377286767,162.58774225291072,1,-1,-1,-1
74,134,199.1918874717642,48.71958465576172,54.77463570100287,61.50072326660156,1,-1,-1,-1
74,135,20.0900999062151,98.98016510009765,65.80921516559714,76.04009246826172,1,-1,-1,-1
75,44,126.60017893229845,78.98822529761584,106.69592778088119,169.11504046361156,1,-1,-1,-1
75,89,21.76616128363576,80.33829053325779,114.49942707517936,160.09276871434636,1,-1,-1,-1
75,136,163.97301247410843,33.447444152832034,86.59300093068941,139.25653076171875,1,-1,-1,-1
75,137,135.61558543380366,195.04094238281252,54.84878518708018,55.13600463867188,1,-1,-1,-1
76,44,124.65313304937072,72.99700947086662,106.41851242379909,170.16668927399965,1,-1,-1,-1
76,89,10.802630203012583,91.86137466219284,110.35714897558981,153.31364859406972,1,-1,-1,-1
76,139,162.85348460620006,14.573268127441402,64.73174538720922,72.8757308959961,1,-1,-1,-1
76,113,55.44268814910549,147.90623932968373,63.059240073833,62.83308673970353,1,-1,-1,-1
77,44,122.99348832438534,59.45200727394989,107.06242071070915,173.15081030032783,1,-1,-1,-1
77,89,3.965973365795378,87.10031576019465,112.04835184287742,156.00732826602504,1,-1,-1,-1
77,127,65.49176188434936,91.17719346682655,96.90047788287042,156.85510135422047,1,-1,-1,-1
77,133,102.96370543492736,46.8964120648472,24.803329814350477,100.06562298516366,1,-1,-1,-1
77,137,121.80555867063916,199.22168097616418,55.28990099648213,55.5520357431056,1,-1,-1,-1
78,44,126.04853344280443,43.07876702138799,105.25002071297018,171.76877361170438,1,-1,-1,-1
78,89,1.989827797134211,77.03528123761602,115.7354167878943,161.73536788218266,1,-1,-1,-1
78,131,108.46293681524708,12.396794783342976,68.82642446961815,72.80226409676519,1,-1,-1,-1
78,132,115.11214012478189,176.2163548323458,54.955836796481314,54.81785408505976,1,-1,-1,-1
78,136,111.24491307062223,83.99789086486233,99.95361362305731,161.28893424717646,1,-1,-1,-1
79,44,127.85933185514124,29.6711620954341,104.20198473009188,171.22333337953594,1,-1,-1,-1
79,89,1.2632861821963033,57.015021240065906,115.99423050149834,162.6884137350738,1,-1,-1,-1
79,144,99.51543075362024,198.89288940429688,56.9583917276228,56.203033447265625,1,-1,-1,-1
79,136,104.98001037222323,82.1202849096216,101.41222850385788,164.23791717155848,1,-1,-1,-1
79,135,83.98516981653552,23.765072921725398,65.84694414927398,75.98702590658651,1,-1,-1,-1
80,44,140.7777749353412,22.98277300294599,101.5840189427726,168.1770512226459,1,-1,-1,-1
80,89,10.252572906337733,42.88904952049613,115.57987299376137,161.7508061547249,1,-1,-1,-1
80,136,106.60904217371842,77.75742219801909,104.5900443812623,168.64690659128362,1,-1,-1,-1
80,146,100.01323835292054,133.26271362304686,56.10177036447144,56.25264892578125,1,-1,-1,-1
80,127,51.224585821313134,89.63069309214607,99.90258718624283,158.77380682145068,1,-1,-1,-1
81,44,146.6859315128544,32.526043761501356,100.79745787598819,168.18266940087653,1,-1,-1,-1
81,89,16.399740577206018,24.500461262038186,115.74614089952212,161.5155171624197,1,-1,-1,-1
81,148,45.17805092118546,49.81734771728516,61.130552820715,66.2106719970703,1,-1,-1,-1
81,149,125.04214664835101,166.3775451660156,71.28366477214564,69.934765625,1,-1,-1,-1
82,44,158.7844440340112,47.56117823528356,95.64057262895574,160.85355165234108,1,-1,-1,-1
82,89,38.777276045246786,28.16552586050345,113.33906966885992,157.8989114402683,1,-1,-1,-1
82,151,82.44251993678913,84.8700942993164,58.3651233954647,56.760939025878905,1,-1,-1,-1
82,136,91.56466554213905,59.506945446713644,110.57449858732312,177.4128436915761,1,-1,-1,-1
83,44,156.85449213316016,64.28866500016515,97.29232287133051,164.4943089873968,1,-1,-1,-1
83,89,34.97498469554559,19.57401762325702,114.53526630150961,158.96828630339047,1,-1,-1,-1
83,152,-1.6312998665895222,78.9559539794922,64.494070222681,72.63767700195312,1,-1,-1,-1
83,153,156.9932907341349,130.29889526367188,70.36430354149589,69.5797607421875,1,-1,-1,-1
83,136,84.32086554619777,60.11098846992546,110.70098396930015,174.81457027574922,1,-1,-1,-1
84,44,156.30354217994392,92.34408568872963,89.96591539414707,152.2381318823985,1,-1,-1,-1
84,89,35.7464819732116,26.523793333204665,112.00318889486272,155.88810168860914,1,-1,-1,-1
84,133,81.49199361819831,90.77999868464285,41.521357583571316,167.478911760694,1,-1,-1,-1
84,148,72.24359331005802,33.384889654881235,51.53150502128372,55.64450652845426,1,-1,-1,-1
84,151,58.47135621020464,76.09307255097153,66.32766973125881,64.47061249827303,1,-1,-1,-1
85,44,148.4556753738127,99.51200981337539,89.10434249127755,150.79780728767247,1,-1,-1,-1
85,89,40.277865223047236,40.26178542950295,116.03699473353659,162.41838507558546,1,-1,-1,-1
85,156,33.06490793550694,110.1303436279297,58.601064866290805,64.97609252929688,1,-1,-1,-1
85,157,188.22727770288023,91.1404815673828,69.59077540478641,68.85542602539063,1,-1,-1,-1
85,131,65.12446622085541,5.957597330807822,52.86111655741479,55.543962330035654,1,-1,-1,-1
85,127,89.1146121997902,96.67453015463671,97.41848621416752,150.27050588182007,1,-1,-1,-1
86,44,143.0697124002546,82.65945309779657,91.7337335587056,155.17621770086086,1,-1,-1,-1
86,89,48.13899199758861,58.76816276475701,113.76763615229605,159.63403646760796,1,-1,-1,-1
86,131,63.49897968480303,1.2518285322046445,42.32368284938942,42.12901577605984,1,-1,-1,-1
86,144,66.285226624258,124.64559933659447,67.0174241447246,66.28307004642869,1,-1,-1,-1
87,44,135.89507705154801,61.14449579793583,95.77556048700579,161.71449158025882,1,-1,-1,-1
87,89,57.886048794322335,82.14224525791997,110.8658535809017,153.88071547212297,1,-1,-1,-1
87,158,163.21385527625495,53.7014877319336,69.8514154240526,69.14359893798829,1,-1,-1,-1
87,149,83.51360034961886,136.8554167515228,70.41003120411743,69.4135091394016,1,-1,-1,-1
88,44,131.23324225300303,32.426949421081574,99.69255814675604,168.36329802021967,1,-1,-1,-1
88,89,59.588019593977464,95.87299083715563,107.72410051127821,149.86680697809695,1,-1,-1,-1
88,159,44.60662901691867,27.90022354125977,54.97676271811578,55.167170715332034,1,-1,-1,-1
88,153,108.36916834874273,149.29622699110655,73.11393930969221,72.59938035395359,1,-1,-1,-1
88,136,92.28053965829312,60.27249055785691,107.88287073854094,170.00147567049845,1,-1,-1,-1
89,44,121.63741890756238,21.325669797327535,100.68276586631808,170.76393033770773,1,-1,-1,-1
89,89,65.54408278943006,88.00198136124482,115.35738803761235,159.44701080835222,1,-1,-1,-1
89,160,65.74578109129429,17.875328063964844,53.820031445341094,175.94601440429688,1,-1,-1,-1
89,148,128.31547877908554,10.40089352923004,65.94918912822513,70.84700848148019,1,-1,-1,-1
89,151,35.639525445892374,57.457767017152065,56.88859675500627,55.37442488029597,1,-1,-1,-1
90,44,120.98762741302428,19.049754892369805,99.97276829074441,170.4408635210872,1,-1,-1,-1
90,89,73.67271643946833,67.8883738063704,121.43551132951147,167.27117547698043,1,-1,-1,-1
90,160,72.52452411147202,45.25796234216847,47.76878177218067,154.95503500998558,1,-1,-1,-1
90,162,152.67594835309706,175.58714294433594,65.76664577427468,72.45408935546875,1,-1,-1,-1
90,152,31.530930562526514,79.66839070726982,49.63113195263229,55.370800796953475,1,-1,-1,-1
91,44,130.58743506253154,26.485391275672043,93.94513764036819,159.79590700267516,1,-1,-1,-1
91,89,83.05897600353559,60.103368099753496,121.48211950746426,165.95893658656647,1,-1,-1,-1
91,163,95.57325885664847,8.244464111328128,75.62673057771872,68.43097381591797,1,-1,-1,-1
92,44,119.40761286158448,44.34212460009729,99.02700344762455,165.91078753079518,1,-1,-1,-1
92,164,16.17890019227962,123.6776824951172,55.606741241417325,55.17135009765625,1,-1,-1,-1
92,165,198.27392298615314,188.06734313964844,56.76018625425621,58.614279174804686,1,-1,-1,-1
92,160,69.06517848011148,62.72238253791197,54.82657367767202,179.20655339601828,1,-1,-1,-1
93,44,113.21735019731793,71.74777054048653,97.23855063222841,163.42724020111928,1,-1,-1,-1
93,166,65.86740538190178,48.10618057250976,71.86579348424331,67.92947998046876,1,-1,-1,-1
93,168,79.7486535560401,25.50305938720703,130.73827028049794,145.4783676147461,1,-1,-1,-1
93,162,179.6356662599692,165.06227592556573,67.00842126233857,73.89526452889315,1,-1,-1,-1
94,44,111.71927210405886,95.70288587699598,92.33278883762289,154.90773301119427,1,-1,-1,-1
94,168,84.27862140719,13.031768927930685,130.8561139130166,146.0414331325163,1,-1,-1,-1
94,169,3.140245364469738,172.32387084960936,55.01415725079685,54.82743530273437,1,-1,-1,-1
94,149,46.06370949725413,66.13310459737131,71.77584777358273,71.10304108596637,1,-1,-1,-1
94,160,69.86484148628867,56.96755020074522,54.733895193464356,179.01767384463102,1,-1,-1,-1
95,44,122.76673205201035,107.99149322386,77.71214624164325,129.65782353329945,1,-1,-1,-1
95,168,86.6104768961419,12.020143988928524,133.6280826983334,149.9127398063837,1,-1,-1,-1
96,171,19.354766394444272,104.2751480102539,63.243132921560665,63.33082122802735,1,-1,-1,-1
96,172,133.98647275024055,83.5682342529297,65.12668218506577,64.39930419921875,1,-1,-1,-1
96,173,13.7215869056811,220.14981689453123,31.07353074796397,33.92510375976562,1,-1,-1,-1
97,174,118.13090896799147,47.48115692138671,107.48702392192722,158.30679931640626,1,-1,-1,-1
97,175,92.18442511297138,112.71864013671873,63.934055047494724,71.777294921875,1,-1,-1,-1
97,176,63.68030088737007,4.1906890869140625,22.840359528970783,98.24826354980469,1,-1,-1,-1
97,169,8.059102750763326,198.90970408361045,54.55111337471394,54.334514116697505,1,-1,-1,-1
98,174,107.60924846177798,48.280403613374105,113.09701671852476,166.4457592177043,1,-1,-1,-1
98,177,13.811132807558263,142.51348571777342,62.13985596691473,62.726708984375,1,-1,-1,-1
98,164,15.172319840563436,176.34565723737634,55.41740522694459,55.00423059592515,1,-1,-1,-1
98,166,56.03925594988113,95.00443732987289,77.73646989945398,74.13393818212845,1,-1,-1,-1
98,160,41.63958726760962,35.89051623963114,56.63944439884962,191.09409557524802,1,-1,-1,-1
99,174,123.54189324474578,74.12765828490512,113.43090809845863,166.8905640826922,1,-1,-1,-1
99,177,20.246179821320847,150.6707929751638,56.576403727176604,57.095448299018734,1,-1,-1,-1
99,160,59.11159167035625,56.16924739593301,54.5408470412771,179.57945843057718,1,-1,-1,-1
99,168,66.33611387945497,17.27274972425886,141.78637909238356,161.63535980341177,1,-1,-1,-1
99,171,34.11455621549251,82.88835190259626,73.63875590538325,74.03455448305908,1,-1,-1,-1
100,174,126.01909541944134,91.14662970268883,106.65481345499987,156.43474004559468,1,-1,-1,-1
100,160,63.99775014659111,64.10828245294914,58.491355355893475,179.99579552559055,1,-1,-1,-1
100,168,60.89561507319047,26.465101571295236,142.35674731958034,164.49189853131557,1,-1,-1,-1
